timestamp,value,is_anomaly
1,9.473684211,0
2,9.473684211,0
3,9.473684211,0
4,8.571428571,0
5,12,0
6,9.473684211,0
7,9.473684211,0
8,12.85714286,0
9,13.84615385,0
10,9.473684211,0
11,9.473684211,0
12,9,0
13,10,0
14,9.473684211,0
15,10,0
16,10,0
17,10,0
18,10.58823529,0
19,9.473684211,0
20,12.85714286,0
21,12,0
22,11.25,0
23,12,0
24,11.25,0
25,12.85714286,0
26,11.25,0
27,10.58823529,0
28,12,0
29,12,0
30,11.25,0
31,12,0
32,10.58823529,0
33,10.58823529,0
34,11.25,0
35,6.428571429,0
36,6.923076923,0
37,10,0
38,10.58823529,0
39,11.25,0
40,11.25,0
41,7.826086957,0
42,7.826086957,0
43,11.25,0
44,10,0
45,10.58823529,0
46,10.58823529,0
47,11.25,0
48,11.25,0
49,11.25,0
50,11.25,0
51,11.25,0
52,10.58823529,0
53,11.25,0
54,11.25,0
55,11.25,0
56,10.58823529,0
57,10.58823529,0
58,10.58823529,0
59,10.58823529,0
60,11.25,0
61,10.58823529,0
62,10,0
63,9.473684211,0
64,10.58823529,0
65,11.25,0
66,10,0
67,10,0
68,9,0
69,10.58823529,0
70,9.473684211,0
71,10,0
72,7.826086957,0
73,7.826086957,0
74,7.5,0
75,9.473684211,0
76,10,0
77,10,0
78,9.473684211,0
79,9,0
80,9,0
81,9.473684211,0
82,10,0
83,8.571428571,0
84,9.473684211,0
85,10,0
86,9.473684211,0
87,10,0
88,8.571428571,0
89,9,0
90,9,0
91,9.473684211,0
92,10,0
93,9.473684211,0
94,9.473684211,0
95,8.181818182,0
96,10,0
97,9.473684211,0
98,9,0
99,10,0
100,9,0
101,9.473684211,0
102,9.333333333,0
103,9.473684211,0
104,9.473684211,0
105,9.473684211,0
106,9,0
107,9,0
108,10,0
109,8.642857143,0
110,10,0
111,9.833333333,0
112,9.473684211,0
113,9.473684211,0
114,9.473684211,0
115,9.473684211,0
116,8.571428571,0
117,10,0
118,9.473684211,0
119,10,0
120,10,0
121,10,0
122,9.473684211,0
123,9,0
124,9.473684211,0
125,9,0
126,10,0
127,9.473684211,0
128,9.473684211,0
129,9,0
130,9,0
131,9,0
132,9,0
133,9,0
134,9,0
135,9,0
136,8.571428571,0
137,9.473684211,0
138,9,0
139,8.571428571,0
140,7.5,0
141,9,0
142,8.571428571,0
143,8.571428571,0
144,8.571428571,0
145,8.181818182,0
146,8.181818182,0
147,8.454545455,0
148,8.571428571,0
149,8.571428571,0
150,8.571428571,0
151,8.181818182,0
152,8.571428571,0
153,9.473684211,0
154,9,0
155,8.571428571,0
156,9,0
157,8.571428571,0
158,8.181818182,0
159,8.571428571,0
160,9,0
161,8.571428571,0
162,9,0
163,7.826086957,0
164,8.181818182,0
165,9,0
166,9.473684211,0
167,8.181818182,0
168,9,0
169,9,0
170,9,0
171,7.826086957,0
172,9,0
173,9.473684211,0
174,9,0
175,9.473684211,0
176,8.571428571,0
177,9,0
178,9.473684211,0
179,9,0
180,7.826086957,0
181,9,0
182,9,0
183,9,0
184,8.181818182,0
185,8.181818182,0
186,8.571428571,0
187,9.473684211,0
188,9,0
189,9,0
190,8.571428571,0
191,9.473684211,0
192,9.473684211,0
193,10,0
194,8.571428571,0
195,9.475,0
196,8.571428571,0
197,9.473684211,0
198,9,0
199,9,0
200,9.473684211,0
201,8.571428571,0
202,9.473684211,0
203,10,0
204,9.473684211,0
205,9.473684211,0
206,10,0
207,9.473684211,0
208,9.473684211,0
209,9.473684211,0
210,9,0
211,8.571428571,0
212,8.571428571,0
213,9,0
214,9.473684211,0
215,9,0
216,10,0
217,10,0
218,10,0
219,9.473684211,0
220,10,0
221,8.181818182,0
222,9.473684211,0
223,8.571428571,0
224,10,0
225,9,0
226,9.473684211,0
227,7.826086957,0
228,6.206896552,0
229,8.181818182,0
230,6.666666667,0
231,6.206896552,0
232,6.428571429,0
233,9.473684211,0
234,9,0
235,10,0
236,9.473684211,0
237,9.473684211,0
238,9.473684211,0
239,10,0
240,9.473684211,0
241,9.473684211,0
242,9.473684211,0
243,9.473684211,0
244,9.473684211,0
245,8.571428571,0
246,9.473684211,0
247,9.473684211,0
248,8.571428571,0
249,8.571428571,0
250,9.473684211,0
251,9.473684211,0
252,9.473684211,0
253,9.473684211,0
254,9.473684211,0
255,8.571428571,0
256,9,0
257,10,0
258,10,0
259,10,0
260,8.571428571,0
261,9.473684211,0
262,10.58823529,0
263,10.58823529,0
264,10.58823529,0
265,10.58823529,0
266,8.571428571,0
267,9.473684211,0
268,8.571428571,0
269,9,0
270,8.571428571,0
271,10.58823529,0
272,10,0
273,10,0
274,9,0
275,10.58823529,0
276,10,0
277,10,0
278,10.58823529,0
279,10,0
280,9.473684211,0
281,10.58823529,0
282,8.571428571,0
283,10,0
284,9.473684211,0
285,8.571428571,0
286,10,0
287,9.473684211,0
288,10.58823529,0
289,10.58823529,0
290,9,0
291,9.473684211,0
292,10,0
293,10.58823529,0
294,9.473684211,0
295,10.58823529,0
296,10.58823529,0
297,9.473684211,0
298,10.58823529,0
299,9.473684211,0
300,10.58823529,0
301,9.473684211,0
302,10,0
303,10,0
304,10,0
305,10,0
306,10.58823529,0
307,9.473684211,0
308,9,0
309,11.25,0
310,10.58823529,0
311,10.58823529,0
312,10,0
313,11.25,0
314,9.473684211,0
315,10.58823529,0
316,10.58823529,0
317,9.473684211,0
318,11.25,0
319,9.473684211,0
320,10,0
321,9.473684211,0
322,10.58823529,0
323,10,0
324,-999,0
325,9.611111111,0
326,-999,0
327,10.58823529,0
328,10.58823529,0
329,10.58823529,0
330,9.473684211,0
331,10,0
332,10.58823529,0
333,10.58823529,0
334,10,0
335,10.58823529,0
336,10.58823529,0
337,9.473684211,0
338,11.25,0
339,10.58823529,0
340,12,0
341,10.58823529,0
342,10.58823529,0
343,9.473684211,0
344,9,0
345,11.25,0
346,10.58823529,0
347,9,0
348,9,0
349,11.25,0
350,11.25,0
351,8.571428571,0
352,11.25,0
353,11.25,0
354,11.25,0
355,10,0
356,9,0
357,9.473684211,0
358,12,0
359,9,0
360,10,0
361,10,0
362,11.25,0
363,10.58823529,0
364,10.58823529,0
365,10.58823529,0
366,9.473684211,0
367,9,0
368,9.473684211,0
369,9.473684211,0
370,10,0
371,10.58823529,0
372,8.181818182,0
373,10.58823529,0
374,9.473684211,0
375,8.571428571,0
376,9.473684211,0
377,10,0
378,10.58823529,0
379,11.25,0
380,9.473684211,0
381,10.58823529,0
382,9.473684211,0
383,12,0
384,9,0
385,10,0
386,10.58823529,0
387,10.58823529,0
388,11.25,0
389,10,0
390,9.473684211,0
391,8.571428571,0
392,9,0
393,12,0
394,10.58823529,0
395,9.473684211,0
396,10,0
397,9,0
398,9.473684211,0
399,10,0
400,9.473684211,0
401,10,0
402,9.473684211,0
403,12,0
404,12.85714286,0
405,9.473684211,0
406,10,0
407,8.181818182,0
408,10.58823529,0
409,10,0
410,10,0
411,10,0
412,9,0
413,10,0
414,8.571428571,0
415,9,0
416,8.181818182,0
417,10,0
418,18,0
419,18,0
420,9.473684211,0
421,18,0
422,11.25,0
423,10,0
424,10,0
425,12.85714286,0
426,13.84615385,0
427,16.36363636,0
428,13.84615385,0
429,16.36363636,0
430,12,0
431,16.36363636,0
432,16.36363636,0
433,9.473684211,0
434,15,0
435,15,0
436,16.36363636,0
437,16.36363636,0
438,10,0
439,12,0
440,10,0
441,15,0
442,7.826086957,0
443,13.84615385,0
444,15,0
445,16.36363636,0
446,15,0
447,9,0
448,15,0
449,10,0
450,16.36363636,0
451,8.571428571,0
452,15,0
453,15,0
454,18,0
455,10,0
456,10,0
457,13.84615385,0
458,8.181818182,0
459,10,0
460,10,0
461,9.473684211,0
462,9.473684211,0
463,10.58823529,0
464,9.473684211,0
465,9.473684211,0
466,8.571428571,0
467,9,0
468,9.473684211,0
469,9,0
470,9.473684211,0
471,15,0
472,10.58823529,0
473,8.571428571,0
474,11.25,0
475,9.473684211,0
476,9.473684211,0
477,15,0
478,9,0
479,10,0
480,9.473684211,0
481,13.84615385,0
482,13.84615385,0
483,13.84615385,0
484,15,0
485,12.85714286,0
486,11.25,0
487,13.84615385,0
488,13.84615385,0
489,13.84615385,0
490,8.571428571,0
491,9,0
492,12.85714286,0
493,12.85714286,0
494,12.85714286,0
495,12,0
496,11.25,0
497,11.25,0
498,11.25,0
499,13.84615385,0
500,12,0
501,11.25,0
502,11.25,0
503,12.85714286,0
504,8.571428571,0
505,13.84615385,0
506,9.473684211,0
507,13.84615385,0
508,13.84615385,0
509,10.58823529,0
510,10.58823529,0
511,10,0
512,12,0
513,12.85714286,0
514,9,0
515,8.181818182,0
516,8.571428571,0
517,9,0
518,9.473684211,0
519,7.2,0
520,7.2,0
521,7.5,0
522,8.181818182,0
523,8.181818182,0
524,7.826086957,0
525,12.85714286,0
526,9,0
527,12.85714286,0
528,8.181818182,0
529,12.85714286,0
530,8.571428571,0
531,12.85714286,0
532,8.571428571,0
533,8.571428571,0
534,13.84615385,0
535,9,0
536,10,0
537,9,0
538,8.181818182,0
539,9.473684211,0
540,9,0
541,13.84615385,0
542,10,0
543,13.84615385,0
544,8.571428571,0
545,9.473684211,0
546,8.571428571,0
547,8.571428571,0
548,9,0
549,9.473684211,0
550,8.571428571,0
551,9.473684211,0
552,9.473684211,0
553,9,0
554,9,0
555,8.571428571,0
556,10,0
557,9,0
558,9,0
559,9.473684211,0
560,9,0
561,9.473684211,0
562,10,0
563,10,0
564,10,0
565,9,0
566,9,0
567,8.571428571,0
568,9.473684211,0
569,9,0
570,9.473684211,0
571,9.473684211,0
572,8.181818182,0
573,9,0
574,9,0
575,8.571428571,0
576,9,0
577,7.826086957,0
578,9,0
579,9,0
580,9.473684211,0
581,9.473684211,0
582,8.571428571,0
583,9,0
584,9.473684211,0
585,9.473684211,0
586,9.473684211,0
587,8.181818182,0
588,8.571428571,0
589,9,0
590,8.181818182,0
591,8.181818182,0
592,9.473684211,0
593,9,0
594,9,0
595,8.571428571,0
596,7.826086957,0
597,8.181818182,0
598,8.181818182,0
599,7.5,0
600,9,0
601,8.181818182,0
602,6.428571429,0
603,6.923076923,0
604,8.571428571,0
605,9.473684211,0
606,9.473684211,0
607,9.473684211,0
608,8.571428571,0
609,9.473684211,0
610,10,0
611,8.181818182,0
612,8.181818182,0
613,6.206896552,0
614,7.5,0
615,7.5,0
616,9,0
617,7.826086957,0
618,12.85714286,0
619,6.923076923,0
620,12.85714286,0
621,6,0
622,8.571428571,0
623,12.85714286,0
624,8.571428571,0
625,7.5,0
626,12.85714286,0
627,6.666666667,0
628,7.2,0
629,6.666666667,0
630,12.85714286,0
631,6.428571429,0
632,6.923076923,0
633,6.666666667,0
634,6.428571429,0
635,12.85714286,0
636,8.181818182,0
637,12,0
638,6.206896552,0
639,6.428571429,0
640,6.666666667,0
641,6.666666667,0
642,6.428571429,0
643,9,0
644,6.923076923,0
645,12.85714286,0
646,6.206896552,0
647,8.571428571,0
648,7.826086957,0
649,12.85714286,0
650,8.571428571,0
651,12.85714286,0
652,9,0
653,8.571428571,0
654,9.473684211,0
655,9,0
656,9,0
657,10,0
658,10,0
659,9.473684211,0
660,9,0
661,9.473684211,0
662,9,0
663,7.826086957,0
664,5.454545455,0
665,5.142857143,0
666,5.625,0
667,5.142857143,0
668,8.571428571,0
669,7.5,0
670,6.428571429,0
671,7.826086957,0
672,13.84615385,0
673,6.428571429,0
674,6,0
675,9,0
676,6,0
677,5.454545455,0
678,5.294117647,0
679,5.294117647,0
680,5.454545455,0
681,5.625,0
682,5.625,0
683,5.454545455,0
684,5.454545455,0
685,5.454545455,0
686,6.428571429,0
687,6.206896552,0
688,6,0
689,7.5,0
690,6.428571429,0
691,5.625,0
692,8.181818182,0
693,5.806451613,0
694,5.625,0
695,5.625,0
696,6.666666667,0
697,5.294117647,0
698,5.294117647,0
699,9,0
700,10,0
701,10,0
702,9.473684211,0
703,11.25,0
704,10,0
705,11.25,0
706,11.25,0
707,11.25,0
708,10.58823529,0
709,11.25,0
710,6.428571429,0
711,10.58823529,0
712,10.58823529,0
713,6.206896552,0
714,5.625,0
715,5.806451613,0
716,9,0
717,6.666666667,0
718,5.806451613,0
719,5.625,0
720,5.294117647,0
721,5.142857143,0
722,4.736842105,0
723,5.142857143,0
724,5.625,0
725,5.294117647,0
726,6,0
727,4.736842105,0
728,5.454545455,0
729,5.294117647,0
730,4.736842105,0
731,5.142857143,0
732,5.294117647,0
733,5,0
734,5.142857143,0
735,5.142857143,0
736,5,0
737,5,0
738,4.864864865,0
739,4.864864865,0
740,6,0
741,4.864864865,0
742,4.615384615,0
743,5.142857143,0
744,4.390243902,0
745,5.454545455,0
746,6.206896552,0
747,5.294117647,0
748,4.285714286,0
749,6.206896552,0
750,6.428571429,0
751,18,0
752,13.84615385,0
753,6,0
754,6.666666667,0
755,5,0
756,6.428571429,0
757,4.864864865,0
758,5.625,0
759,6.923076923,0
760,6.923076923,0
761,4.736842105,0
762,6.666666667,0
763,7.5,0
764,7.5,0
765,5,0
766,6,0
767,5,0
768,5,0
769,4.864864865,0
770,5.142857143,0
771,5.454545455,0
772,6.206896552,0
773,6.666666667,0
774,7.2,0
775,6.666666667,0
776,4.864864865,0
777,6.428571429,0
778,6.666666667,0
779,6.206896552,0
780,7.2,0
781,7.2,0
782,7.2,0
783,6.923076923,0
784,7.5,0
785,7.826086957,0
786,7.5,0
787,7.2,0
788,7.2,0
789,7.2,0
790,7.2,0
791,6.923076923,0
792,6.923076923,0
793,6.923076923,0
794,6.428571429,0
795,6,0
796,6.666666667,0
797,6.428571429,0
798,5.294117647,0
799,6,0
800,6.206896552,0
801,6.206896552,0
802,5.454545455,0
803,5.294117647,0
804,5.454545455,0
805,5.294117647,0
806,5.294117647,0
807,5.454545455,0
808,5.454545455,0
809,5.142857143,0
810,5.142857143,0
811,5.294117647,0
812,5.294117647,0
813,5.454545455,0
814,6,0
815,5.294117647,0
816,6,0
817,5.454545455,0
818,5.625,0
819,-999,0
820,-999,0
821,-999,0
822,-999,0
823,-999,0
824,-999,0
825,-999,0
826,-999,0
827,-999,0
828,-999,0
829,-999,0
830,-999,0
831,-999,0
832,-999,0
833,-999,0
834,-999,0
835,-999,0
836,-999,0
837,-999,0
838,-999,0
839,-999,0
840,-999,0
841,-999,0
842,-999,0
843,-999,0
844,-999,0
845,-999,0
846,-999,0
847,-999,0
848,-999,0
849,-999,0
850,-999,0
851,-999,0
852,-999,0
853,-999,0
854,-999,0
855,-999,0
856,-999,0
857,-999,0
858,-999,0
859,-999,0
860,-999,0
861,-999,0
862,-999,0
863,-999,0
864,-999,0
865,-999,0
866,-999,0
867,-999,0
868,-999,0
869,-999,0
870,-999,0
871,-999,0
872,-999,0
873,-999,0
874,-999,0
875,-999,0
876,-999,0
877,-999,0
878,-999,0
879,-999,0
880,-999,0
881,-999,0
882,-999,0
883,-999,0
884,-999,0
885,-999,0
886,-999,0
887,-999,0
888,-999,0
889,-999,0
890,-999,0
891,-999,0
892,-999,0
893,-999,0
894,-999,0
895,-999,0
896,-999,0
897,-999,0
898,-999,0
899,-999,0
900,-999,0
901,-999,0
902,-999,0
903,-999,0
904,-999,0
905,-999,0
906,-999,0
907,-999,0
908,-999,0
909,-999,0
910,-999,0
911,-999,0
912,-999,0
913,-999,0
914,-999,0
915,-999,0
916,-999,0
917,-999,0
918,-999,0
919,-999,0
920,-999,0
921,-999,0
922,-999,0
923,-999,0
924,-999,0
925,-999,0
926,-999,0
927,-999,0
928,-999,0
929,-999,0
930,-999,0
931,-999,0
932,-999,0
933,-999,0
934,-999,0
935,-999,0
936,-999,0
937,-999,0
938,-999,0
939,-999,0
940,-999,0
941,-999,0
942,-999,0
943,-999,0
944,-999,0
945,-999,0
946,-999,0
947,-999,0
948,-999,0
949,-999,0
950,-999,0
951,-999,0
952,-999,0
953,-999,0
954,-999,0
955,-999,0
956,-999,0
957,-999,0
958,-999,0
959,-999,0
960,-999,0
961,-999,0
962,-999,0
963,-999,0
964,-999,0
965,-999,0
966,-999,0
967,-999,0
968,-999,0
969,-999,0
970,-999,0
971,-999,0
972,-999,0
973,-999,0
974,-999,0
975,-999,0
976,-999,0
977,-999,0
978,-999,0
979,-999,0
980,-999,0
981,-999,0
982,-999,0
983,-999,0
984,-999,0
985,-999,0
986,-999,0
987,-999,0
988,-999,0
989,-999,0
990,-999,0
991,-999,0
992,-999,0
993,-999,0
994,-999,0
995,-999,0
996,-999,0
997,-999,0
998,-999,0
999,-999,0
1000,-999,0
1001,-999,0
1002,-999,0
1003,-999,0
1004,-999,0
1005,-999,0
1006,-999,0
1007,-999,0
1008,-999,0
1009,-999,0
1010,-999,0
1011,-999,0
1012,-999,0
1013,-999,0
1014,-999,0
1015,-999,0
1016,-999,0
1017,-999,0
1018,-999,0
1019,-999,0
1020,-999,0
1021,-999,0
1022,-999,0
1023,-999,0
1024,-999,0
1025,-999,0
1026,-999,0
1027,-999,0
1028,-999,0
1029,-999,0
1030,-999,0
1031,-999,0
1032,-999,0
1033,-999,0
1034,-999,0
1035,-999,0
1036,-999,0
1037,-999,0
1038,-999,0
1039,-999,0
1040,-999,0
1041,-999,0
1042,-999,0
1043,-999,0
1044,-999,0
1045,-999,0
1046,-999,0
1047,-999,0
1048,-999,0
1049,-999,0
1050,-999,0
1051,-999,0
1052,-999,0
1053,-999,0
1054,-999,0
1055,-999,0
1056,-999,0
1057,-999,0
1058,-999,0
1059,-999,0
1060,-999,0
1061,-999,0
1062,-999,0
1063,-999,0
1064,-999,0
1065,-999,0
1066,-999,0
1067,-999,0
1068,-999,0
1069,-999,0
1070,-999,0
1071,-999,0
1072,-999,0
1073,-999,0
1074,-999,0
1075,-999,0
1076,-999,0
1077,-999,0
1078,-999,0
1079,-999,0
1080,-999,0
1081,-999,0
1082,-999,0
1083,-999,0
1084,-999,0
1085,-999,0
1086,-999,0
1087,-999,0
1088,-999,0
1089,-999,0
1090,-999,0
1091,-999,0
1092,-999,0
1093,-999,0
1094,-999,0
1095,-999,0
1096,-999,0
1097,-999,0
1098,-999,0
1099,-999,0
1100,-999,0
1101,-999,0
1102,-999,0
1103,-999,0
1104,-999,0
1105,-999,0
1106,-999,0
1107,-999,0
1108,-999,0
1109,-999,0
1110,-999,0
1111,-999,0
1112,-999,0
1113,-999,0
1114,-999,0
1115,-999,0
1116,-999,0
1117,-999,0
1118,-999,0
1119,-999,0
1120,-999,0
1121,-999,0
1122,-999,0
1123,-999,0
1124,-999,0
1125,-999,0
1126,-999,0
1127,-999,0
1128,-999,0
1129,-999,0
1130,-999,0
1131,-999,0
1132,-999,0
1133,-999,0
1134,-999,0
1135,-999,0
1136,-999,0
1137,-999,0
1138,-999,0
1139,-999,0
1140,-999,0
1141,-999,0
1142,-999,0
1143,-999,0
1144,-999,0
1145,-999,0
1146,-999,0
1147,-999,0
1148,-999,0
1149,-999,0
1150,-999,0
1151,-999,0
1152,-999,0
1153,-999,0
1154,-999,0
1155,-999,0
1156,-999,0
1157,-999,0
1158,-999,0
1159,-999,0
1160,-999,0
1161,-999,0
1162,-999,0
1163,-999,0
1164,-999,0
1165,-999,0
1166,-999,0
1167,-999,0
1168,-999,0
1169,-999,0
1170,-999,0
1171,-999,0
1172,-999,0
1173,-999,0
1174,-999,0
1175,-999,0
1176,-999,0
1177,-999,0
1178,-999,0
1179,-999,0
1180,-999,0
1181,-999,0
1182,-999,0
1183,-999,0
1184,-999,0
1185,-999,0
1186,-999,0
1187,-999,0
1188,-999,0
1189,-999,0
1190,-999,0
1191,-999,0
1192,-999,0
1193,-999,0
1194,-999,0
1195,-999,0
1196,-999,0
1197,-999,0
1198,-999,0
1199,-999,0
1200,-999,0
1201,-999,0
1202,-999,0
1203,-999,0
1204,-999,0
1205,-999,0
1206,-999,0
1207,-999,0
1208,-999,0
1209,-999,0
1210,-999,0
1211,-999,0
1212,-999,0
1213,-999,0
1214,-999,0
1215,-999,0
1216,-999,0
1217,-999,0
1218,-999,0
1219,-999,0
1220,-999,0
1221,-999,0
1222,-999,0
1223,-999,0
1224,-999,0
1225,-999,0
1226,-999,0
1227,-999,0
1228,-999,0
1229,-999,0
1230,-999,0
1231,-999,0
1232,-999,0
1233,-999,0
1234,-999,0
1235,-999,0
1236,-999,0
1237,-999,0
1238,-999,0
1239,-999,0
1240,-999,0
1241,-999,0
1242,-999,0
1243,-999,0
1244,-999,0
1245,-999,0
1246,-999,0
1247,-999,0
1248,-999,0
1249,-999,0
1250,-999,0
1251,8.181818182,0
1252,9.473684211,0
1253,9.473684211,0
1254,9,0
1255,9,0
1256,11.25,0
1257,11.25,0
1258,9.473684211,0
1259,8.571428571,0
1260,9,0
1261,9,0
1262,9.473684211,0
1263,9.473684211,0
1264,12,0
1265,10.58823529,0
1266,9,0
1267,9,0
1268,9,0
1269,9,0
1270,8.571428571,0
1271,9.473684211,0
1272,-999,0
1273,8.016666667,0
1274,8.571428571,0
1275,9,0
1276,10.58823529,0
1277,9.473684211,0
1278,8.571428571,0
1279,9,0
1280,12.83333333,0
1281,9,0
1282,-999,0
1283,8.571428571,0
1284,12,0
1285,9,0
1286,8.571428571,0
1287,10.58823529,0
1288,8.571428571,0
1289,9.473684211,0
1290,9.473684211,0
1291,8.181818182,0
1292,8.571428571,0
1293,10,0
1294,10.58823529,0
1295,9,0
1296,8.571428571,0
1297,9.473684211,0
1298,9,0
1299,9,0
1300,9,0
1301,8.571428571,0
1302,8.571428571,0
1303,8.181818182,0
1304,8.571428571,0
1305,8.571428571,0
1306,8.181818182,0
1307,8.181818182,0
1308,8.181818182,0
1309,8.571428571,0
1310,8.571428571,0
1311,8.571428571,0
1312,7.826086957,0
1313,8.181818182,0
1314,8.571428571,0
1315,8.571428571,0
1316,7.826086957,0
1317,9,0
1318,8.181818182,0
1319,8.571428571,0
1320,8.181818182,0
1321,9,0
1322,8.571428571,0
1323,8.571428571,0
1324,8.571428571,0
1325,8.571428571,0
1326,8.571428571,0
1327,8.571428571,0
1328,8.571428571,0
1329,8.571428571,0
1330,7.826086957,0
1331,8.571428571,0
1332,8.181818182,0
1333,8.181818182,0
1334,8.181818182,0
1335,8.571428571,0
1336,6.206896552,0
1337,6.206896552,0
1338,6.666666667,0
1339,6.428571429,0
1340,5.806451613,0
1341,6,0
1342,8.571428571,0
1343,9.473684211,0
1344,9,0
1345,8.571428571,0
1346,8.571428571,0
1347,5.454545455,0
1348,5.454545455,0
1349,6,0
1350,5.454545455,0
1351,5.806451613,0
1352,5.625,0
1353,5.806451613,0
1354,6.666666667,0
1355,6.428571429,0
1356,6.428571429,0
1357,6.923076923,0
1358,6.666666667,0
1359,6.428571429,0
1360,6.666666667,0
1361,6.923076923,0
1362,6.206896552,0
1363,6.206896552,0
1364,6.666666667,0
1365,6.923076923,0
1366,6.206896552,0
1367,6.923076923,0
1368,6.428571429,0
1369,6.923076923,0
1370,6.923076923,0
1371,6.666666667,0
1372,6.666666667,0
1373,6.428571429,0
1374,6.206896552,0
1375,7.2,0
1376,6.428571429,0
1377,6.666666667,0
1378,5.454545455,0
1379,6,0
1380,5.294117647,0
1381,7.2,0
1382,7.2,0
1383,6.206896552,0
1384,7.5,0
1385,6.923076923,0
1386,7.2,0
1387,6.923076923,0
1388,7.826086957,0
1389,7.2,0
1390,6.923076923,0
1391,6.428571429,0
1392,6.923076923,0
1393,12,0
1394,12,0
1395,9,0
1396,10,0
1397,10,0
1398,9.473684211,0
1399,9.473684211,0
1400,8.181818182,0
1401,9,0
1402,9,0
1403,7.826086957,0
1404,8.571428571,0
1405,8.571428571,0
1406,8.181818182,0
1407,8.181818182,0
1408,8.571428571,0
1409,8.571428571,0
1410,9,0
1411,9,0
1412,8.571428571,0
1413,9.473684211,0
1414,9.473684211,0
1415,9.473684211,0
1416,9.473684211,0
1417,9,0
1418,9,0
1419,11.25,0
1420,7.5,0
1421,8.571428571,0
1422,10,0
1423,8.571428571,0
1424,8.571428571,0
1425,7.2,0
1426,6.428571429,0
1427,11.25,0
1428,-999,0
1429,-999,0
1430,-999,0
1431,-999,0
1432,-999,0
1433,-999,0
1434,-999,0
1435,-999,0
1436,-999,0
1437,-999,0
1438,-999,0
1439,-999,0
1440,-999,0
1441,-999,0
1442,-999,0
1443,-999,0
1444,-999,0
1445,-999,0
1446,-999,0
1447,-999,0
1448,-999,0
1449,-999,0
1450,-999,0
1451,-999,0
1452,-999,0
1453,-999,0
1454,-999,0
1455,-999,0
1456,-999,0
1457,-999,0
1458,-999,0
1459,-999,0
1460,-999,0
1461,-999,0
1462,-999,0
1463,-999,0
1464,-999,0
1465,-999,0
1466,-999,0
1467,-999,0
1468,-999,0
1469,-999,0
1470,-999,0
1471,-999,0
1472,-999,0
1473,-999,0
1474,-999,0
1475,-999,0
1476,-999,0
1477,-999,0
1478,-999,0
1479,-999,0
1480,-999,0
1481,-999,0
1482,-999,0
1483,-999,0
1484,-999,0
1485,-999,0
1486,-999,0
1487,-999,0
1488,-999,0
1489,-999,0
1490,-999,0
1491,-999,0
1492,-999,0
1493,-999,0
1494,-999,0
1495,-999,0
1496,-999,0
1497,-999,0
1498,-999,0
1499,-999,0
1500,-999,0
1501,-999,0
1502,-999,0
1503,-999,0
1504,-999,0
1505,-999,0
1506,-999,0
1507,-999,0
1508,-999,0
1509,-999,0
1510,-999,0
1511,-999,0
1512,-999,0
1513,-999,0
1514,-999,0
1515,-999,0
1516,-999,0
1517,-999,0
1518,-999,0
1519,-999,0
1520,-999,0
1521,-999,0
1522,-999,0
1523,-999,0
1524,-999,0
1525,-999,0
1526,-999,0
1527,-999,0
1528,-999,0
1529,-999,0
1530,-999,0
1531,-999,0
1532,-999,0
1533,-999,0
1534,-999,0
1535,-999,0
1536,-999,0
1537,-999,0
1538,-999,0
1539,-999,0
1540,-999,0
1541,-999,0
1542,-999,0
1543,-999,0
1544,-999,0
1545,-999,0
1546,-999,0
1547,-999,0
1548,-999,0
1549,-999,0
1550,-999,0
1551,-999,0
1552,-999,0
1553,-999,0
1554,-999,0
1555,-999,0
1556,-999,0
1557,-999,0
1558,-999,0
1559,-999,0
1560,-999,0
1561,-999,0
1562,-999,0
1563,-999,0
1564,-999,0
1565,-999,0
1566,-999,0
1567,-999,0
1568,-999,0
1569,-999,0
1570,-999,0
1571,-999,0
1572,-999,0
1573,-999,0
1574,-999,0
1575,-999,0
1576,-999,0
1577,-999,0
1578,-999,0
1579,-999,0
1580,-999,0
1581,-999,0
1582,-999,0
1583,-999,0
1584,-999,0
1585,-999,0
1586,-999,0
1587,-999,0
1588,-999,0
1589,-999,0
1590,-999,0
1591,-999,0
1592,-999,0
1593,-999,0
1594,-999,0
1595,-999,0
1596,-999,0
1597,-999,0
1598,-999,0
1599,-999,0
1600,-999,0
1601,-999,0
1602,-999,0
1603,-999,0
1604,-999,0
1605,-999,0
1606,-999,0
1607,-999,0
1608,-999,0
1609,-999,0
1610,-999,0
1611,-999,0
1612,-999,0
1613,-999,0
1614,-999,0
1615,-999,0
1616,-999,0
1617,-999,0
1618,-999,0
1619,-999,0
1620,-999,0
1621,-999,0
1622,-999,0
1623,-999,0
1624,-999,0
1625,-999,0
1626,-999,0
1627,-999,0
1628,-999,0
1629,-999,0
1630,-999,0
1631,-999,0
1632,-999,0
1633,-999,0
1634,-999,0
1635,8.571428571,0
1636,8.571428571,0
1637,9,0
1638,8.181818182,0
1639,8.181818182,0
1640,8.571428571,0
1641,7.2,0
1642,7.2,0
1643,8.571428571,0
1644,9,0
1645,9.473684211,0
1646,8.571428571,0
1647,8.571428571,0
1648,9,0
1649,9.473684211,0
1650,7.826086957,0
1651,7.5,0
1652,8.571428571,0
1653,9,0
1654,9,0
1655,8.181818182,0
1656,8.571428571,0
1657,9,0
1658,9.473684211,0
1659,9.473684211,0
1660,8.181818182,0
1661,10,0
1662,10,0
1663,8.181818182,0
1664,8.571428571,0
1665,8.181818182,0
1666,8.181818182,0
1667,8.181818182,0
1668,7.826086957,0
1669,7.826086957,0
1670,8.571428571,0
1671,7.2,0
1672,7.5,0
1673,8.571428571,0
1674,5.294117647,0
1675,5.806451613,0
1676,8.181818182,0
1677,6.666666667,0
1678,7.5,0
1679,8.571428571,0
1680,7.826086957,0
1681,8.571428571,0
1682,8.181818182,0
1683,8.181818182,0
1684,11.25,0
1685,11.25,0
1686,11.25,0
1687,12,0
1688,11.25,0
1689,11.25,0
1690,11.25,0
1691,11.25,0
1692,11.25,0
1693,10.58823529,0
1694,10.58823529,0
1695,11.25,0
1696,12,0
1697,10.58823529,0
1698,11.25,0
1699,11.25,0
1700,10.58823529,0
1701,11.25,0
1702,11.25,0
1703,10.58823529,0
1704,10,0
1705,11.25,0
1706,12,0
1707,8.181818182,0
1708,9.473684211,0
1709,9,0
1710,8.571428571,0
1711,9.473684211,0
1712,8.571428571,0
1713,8.181818182,0
1714,8.181818182,0
1715,8.181818182,0
1716,8.571428571,0
1717,7.826086957,0
1718,7.826086957,0
1719,7.5,0
1720,8.571428571,0
1721,7.826086957,0
1722,7.5,0
1723,7.826086957,0
1724,8.181818182,0
1725,8.181818182,0
1726,8.571428571,0
1727,8.181818182,0
1728,9,0
1729,9.473684211,0
1730,9.473684211,0
1731,9.473684211,0
1732,10.58823529,0
1733,10,0
1734,10.58823529,0
1735,9,0
1736,8.571428571,0
1737,9,0
1738,8.571428571,0
1739,8.571428571,0
1740,9,0
1741,9.473684211,0
1742,8.571428571,0
1743,9.473684211,0
1744,10,0
1745,9,0
1746,9.473684211,0
1747,9.473684211,0
1748,10.58823529,0
1749,10,0
1750,10.58823529,0
1751,10,0
1752,10.58823529,0
1753,10.58823529,0
1754,11.25,0
1755,12,0
1756,11.25,0
1757,11.25,0
1758,11.25,0
1759,11.25,0
1760,11.25,0
1761,11.25,0
1762,11.25,0
1763,11.25,0
1764,9.473684211,0
1765,10.58823529,0
1766,8.571428571,0
1767,8.571428571,0
1768,7.5,0
1769,5.454545455,0
1770,5.625,0
1771,5.625,0
1772,5.294117647,0
1773,5.625,0
1774,6.206896552,0
1775,7.2,0
1776,7.2,0
1777,6.666666667,0
1778,7.5,0
1779,7.826086957,0
1780,6.666666667,0
1781,6.206896552,0
1782,6.428571429,0
1783,7.2,0
1784,8.181818182,0
1785,6.923076923,0
1786,6.923076923,0
1787,7.826086957,0
1788,8.571428571,0
1789,8.181818182,0
1790,8.181818182,0
1791,7.5,0
1792,8.181818182,0
1793,9,0
1794,10,0
1795,9,0
1796,8.181818182,0
1797,8.571428571,0
1798,7.826086957,0
1799,7.5,0
1800,8.571428571,0
1801,6.428571429,0
1802,7.5,0
1803,9,0
1804,9.473684211,0
1805,9,0
1806,7.2,0
1807,7.826086957,0
1808,8.571428571,0
1809,7.2,0
1810,6.428571429,0
1811,8.181818182,0
1812,7.826086957,0
1813,8.181818182,0
1814,7.2,0
1815,5.294117647,0
1816,5.142857143,0
1817,6.923076923,0
1818,7.5,0
1819,7.2,0
1820,4.864864865,0
1821,9,0
1822,10,0
1823,10,0
1824,12.85714286,0
1825,12.85714286,0
1826,11.25,0
1827,12,0
1828,12,0
1829,12,0
1830,12,0
1831,12,0
1832,12,0
1833,5.806451613,0
1834,6,0
1835,5.294117647,0
1836,5.454545455,0
1837,5.454545455,0
1838,5.625,0
1839,12,0
1840,12,0
1841,5.454545455,0
1842,5.806451613,0
1843,5.806451613,0
1844,5.454545455,0
1845,5.454545455,0
1846,5.454545455,0
1847,5.454545455,0
1848,5.294117647,0
1849,5.454545455,0
1850,5.625,0
1851,5.625,0
1852,5.454545455,0
1853,5.454545455,0
1854,5.294117647,0
1855,5.142857143,0
1856,5.454545455,0
1857,5.625,0
1858,5.454545455,0
1859,5.806451613,0
1860,5.454545455,0
1861,5.625,0
1862,5.454545455,0
1863,5.454545455,0
1864,11.25,0
1865,18,0
1866,2.222222222,0
1867,5.294117647,0
1868,5.454545455,0
1869,6,0
1870,9.473684211,0
1871,8.181818182,0
1872,12.85714286,0
1873,5.294117647,0
1874,5.806451613,0
1875,5.806451613,0
1876,5.625,0
1877,5.454545455,0
1878,5.806451613,0
1879,20,0
1880,6.428571429,0
1881,18,0
1882,5.806451613,0
1883,6,0
1884,15,0
1885,5.806451613,0
1886,5.625,0
1887,18,0
1888,20,0
1889,15,0
1890,20,0
1891,18,0
1892,18,0
1893,20,0
1894,13.84615385,0
1895,16.36363636,0
1896,20,0
1897,18,0
1898,20,0
1899,20,0
1900,18,0
1901,20,0
1902,18,0
1903,20,0
1904,20,0
1905,20,0
1906,20,0
1907,18,0
1908,-999,0
1909,7.826086957,0
1910,7.826086957,0
1911,8.181818182,0
1912,18,0
1913,18,0
1914,18,0
1915,6,0
1916,16.36363636,0
1917,20,0
1918,18,0
1919,16.36363636,0
1920,15,0
1921,7.5,0
1922,20,0
1923,20,0
1924,20,0
1925,6.206896552,0
1926,7.826086957,0
1927,6.428571429,0
1928,7.2,0
1929,6.923076923,0
1930,6.923076923,0
1931,7.2,0
1932,7.5,0
1933,7.5,0
1934,7.2,0
1935,6.923076923,0
1936,20,0
1937,7.5,0
1938,9,0
1939,8.181818182,0
1940,7.826086957,0
1941,7.5,0
1942,7.826086957,0
1943,9,0
1944,8.181818182,0
1945,8.571428571,0
1946,8.571428571,0
1947,8.181818182,0
1948,9,0
1949,7.2,0
1950,-999,0
1951,-999,0
1952,-999,0
1953,-999,0
1954,-999,0
1955,-999,0
1956,-999,0
1957,-999,0
1958,-999,0
1959,-999,0
1960,-999,0
1961,-999,0
1962,-999,0
1963,-999,0
1964,-999,0
1965,-999,0
1966,-999,0
1967,-999,0
1968,-999,0
1969,-999,0
1970,-999,0
1971,-999,0
1972,-999,0
1973,-999,0
1974,-999,0
1975,-999,0
1976,-999,0
1977,-999,0
1978,-999,0
1979,-999,0
1980,-999,0
1981,-999,0
1982,-999,0
1983,-999,0
1984,-999,0
1985,-999,0
1986,-999,0
1987,-999,0
1988,-999,0
1989,-999,0
1990,-999,0
1991,-999,0
1992,-999,0
1993,-999,0
1994,-999,0
1995,-999,0
1996,-999,0
1997,-999,0
1998,-999,0
1999,-999,0
2000,-999,0
2001,-999,0
2002,-999,0
2003,-999,0
2004,-999,0
2005,-999,0
2006,-999,0
2007,-999,0
2008,-999,0
2009,-999,0
2010,-999,0
2011,-999,0
2012,-999,0
2013,-999,0
2014,-999,0
2015,-999,0
2016,-999,0
2017,-999,0
2018,-999,0
2019,-999,0
2020,-999,0
2021,-999,0
2022,-999,0
2023,-999,0
2024,-999,0
2025,-999,0
2026,-999,0
2027,-999,0
2028,-999,0
2029,-999,0
2030,-999,0
2031,-999,0
2032,-999,0
2033,-999,0
2034,-999,0
2035,-999,0
2036,-999,0
2037,-999,0
2038,-999,0
2039,-999,0
2040,-999,0
2041,-999,0
2042,-999,0
2043,-999,0
2044,-999,0
2045,-999,0
2046,-999,0
2047,-999,0
2048,-999,0
2049,-999,0
2050,-999,0
2051,-999,0
2052,-999,0
2053,-999,0
2054,-999,0
2055,-999,0
2056,-999,0
2057,-999,0
2058,-999,0
2059,-999,0
2060,-999,0
2061,-999,0
2062,-999,0
2063,-999,0
2064,-999,0
2065,-999,0
2066,-999,0
2067,-999,0
2068,-999,0
2069,-999,0
2070,-999,0
2071,-999,0
2072,-999,0
2073,-999,0
2074,-999,0
2075,-999,0
2076,-999,0
2077,-999,0
2078,-999,0
2079,-999,0
2080,-999,0
2081,-999,0
2082,-999,0
2083,-999,0
2084,-999,0
2085,-999,0
2086,-999,0
2087,-999,0
2088,-999,0
2089,-999,0
2090,-999,0
2091,-999,0
2092,-999,0
2093,-999,0
2094,-999,0
2095,-999,0
2096,-999,0
2097,-999,0
2098,-999,0
2099,-999,0
2100,-999,0
2101,-999,0
2102,-999,0
2103,-999,0
2104,-999,0
2105,-999,0
2106,-999,0
2107,-999,0
2108,-999,0
2109,-999,0
2110,-999,0
2111,-999,0
2112,-999,0
2113,-999,0
2114,-999,0
2115,-999,0
2116,-999,0
2117,-999,0
2118,-999,0
2119,-999,0
2120,-999,0
2121,-999,0
2122,-999,0
2123,-999,0
2124,-999,0
2125,-999,0
2126,-999,0
2127,-999,0
2128,-999,0
2129,-999,0
2130,-999,0
2131,-999,0
2132,-999,0
2133,-999,0
2134,-999,0
2135,-999,0
2136,-999,0
2137,-999,0
2138,-999,0
2139,-999,0
2140,-999,0
2141,-999,0
2142,-999,0
2143,-999,0
2144,-999,0
2145,-999,0
2146,-999,0
2147,-999,0
2148,-999,0
2149,-999,0
2150,-999,0
2151,-999,0
2152,-999,0
2153,-999,0
2154,-999,0
2155,-999,0
2156,-999,0
2157,5.454545455,0
2158,5.454545455,0
2159,5.454545455,0
2160,5.294117647,0
2161,6.666666667,0
2162,8.181818182,0
2163,8.571428571,0
2164,9,0
2165,8.571428571,0
2166,9,0
2167,8.571428571,0
2168,8.571428571,0
2169,8.571428571,0
2170,8.571428571,0
2171,8.571428571,0
2172,9,0
2173,9,0
2174,9,0
2175,9,0
2176,9,0
2177,9,0
2178,8.571428571,0
2179,9.473684211,0
2180,9,0
2181,8.571428571,0
2182,9,0
2183,5.454545455,0
2184,5.294117647,0
2185,5.454545455,0
2186,5.454545455,0
2187,5.454545455,0
2188,9,0
2189,16.36363636,0
2190,20,0
2191,18,0
2192,20,0
2193,18,0
2194,20,0
2195,16.36363636,0
2196,20,0
2197,18,0
2198,20,0
2199,20,0
2200,15,0
2201,20,0
2202,18,0
2203,20,0
2204,18,0
2205,18,0
2206,18,0
2207,15,0
2208,20,0
2209,6.428571429,0
2210,20,0
2211,16.36363636,0
2212,6.206896552,0
2213,6.428571429,0
2214,18,0
2215,6.206896552,0
2216,12.85714286,0
2217,12.85714286,0
2218,6.923076923,0
2219,7.2,0
2220,6.206896552,0
2221,7.826086957,0
2222,5.806451613,0
2223,6.206896552,0
2224,6.428571429,0
2225,6.428571429,0
2226,6.923076923,0
2227,6.666666667,0
2228,6.666666667,0
2229,6.206896552,0
2230,6.923076923,0
2231,6.206896552,0
2232,7.2,0
2233,7.2,0
2234,6.923076923,0
2235,6.923076923,0
2236,6.923076923,0
2237,6.428571429,0
2238,20,0
2239,7.2,0
2240,13.84615385,0
2241,20,0
2242,18,0
2243,6.666666667,0
2244,7.2,0
2245,7.5,0
2246,8.181818182,0
2247,7.826086957,0
2248,6.428571429,0
2249,6.666666667,0
2250,6.923076923,0
2251,6.206896552,0
2252,6.666666667,0
2253,6.428571429,0
2254,6.923076923,0
2255,6.428571429,0
2256,6,0
2257,6.666666667,0
2258,6.428571429,0
2259,-999,0
2260,-999,0
2261,-999,0
2262,-999,0
2263,-999,0
2264,-999,0
2265,-999,0
2266,-999,0
2267,-999,0
2268,-999,0
2269,-999,0
2270,-999,0
2271,-999,0
2272,-999,0
2273,-999,0
2274,-999,0
2275,-999,0
2276,-999,0
2277,-999,0
2278,-999,0
2279,-999,0
2280,-999,0
2281,-999,0
2282,-999,0
2283,-999,0
2284,-999,0
2285,-999,0
2286,-999,0
2287,-999,0
2288,-999,0
2289,-999,0
2290,-999,0
2291,-999,0
2292,-999,0
2293,-999,0
2294,-999,0
2295,-999,0
2296,-999,0
2297,-999,0
2298,-999,0
2299,-999,0
2300,-999,0
2301,-999,0
2302,-999,0
2303,-999,0
2304,-999,0
2305,-999,0
2306,-999,0
2307,-999,0
2308,-999,0
2309,-999,0
2310,-999,0
2311,-999,0
2312,-999,0
2313,-999,0
2314,-999,0
2315,-999,0
2316,-999,0
2317,-999,0
2318,-999,0
2319,-999,0
2320,-999,0
2321,-999,0
2322,-999,0
2323,-999,0
2324,-999,0
2325,-999,0
2326,-999,0
2327,-999,0
2328,-999,0
2329,-999,0
2330,-999,0
2331,-999,0
2332,-999,0
2333,-999,0
2334,-999,0
2335,-999,0
2336,-999,0
2337,-999,0
2338,-999,0
2339,-999,0
2340,-999,0
2341,-999,0
2342,-999,0
2343,-999,0
2344,-999,0
2345,-999,0
2346,-999,0
2347,-999,0
2348,-999,0
2349,-999,0
2350,-999,0
2351,-999,0
2352,-999,0
2353,-999,0
2354,-999,0
2355,-999,0
2356,-999,0
2357,-999,0
2358,-999,0
2359,-999,0
2360,-999,0
2361,-999,0
2362,-999,0
2363,-999,0
2364,-999,0
2365,-999,0
2366,-999,0
2367,-999,0
2368,-999,0
2369,-999,0
2370,-999,0
2371,-999,0
2372,-999,0
2373,-999,0
2374,-999,0
2375,-999,0
2376,-999,0
2377,-999,0
2378,-999,0
2379,-999,0
2380,-999,0
2381,-999,0
2382,-999,0
2383,-999,0
2384,-999,0
2385,-999,0
2386,-999,0
2387,-999,0
2388,-999,0
2389,-999,0
2390,-999,0
2391,-999,0
2392,-999,0
2393,-999,0
2394,-999,0
2395,-999,0
2396,-999,0
2397,-999,0
2398,-999,0
2399,-999,0
2400,-999,0
2401,-999,0
2402,-999,0
2403,-999,0
2404,-999,0
2405,-999,0
2406,-999,0
2407,-999,0
2408,-999,0
2409,-999,0
2410,-999,0
2411,-999,0
2412,-999,0
2413,-999,0
2414,-999,0
2415,-999,0
2416,-999,0
2417,-999,0
2418,-999,0
2419,-999,0
2420,-999,0
2421,-999,0
2422,-999,0
2423,-999,0
2424,-999,0
2425,-999,0
2426,-999,0
2427,-999,0
2428,-999,0
2429,-999,0
2430,-999,0
2431,-999,0
2432,-999,0
2433,-999,0
2434,-999,0
2435,-999,0
2436,-999,0
2437,-999,0
2438,-999,0
2439,-999,0
2440,-999,0
2441,-999,0
2442,-999,0
2443,-999,0
2444,-999,0
2445,-999,0
2446,-999,0
2447,-999,0
2448,-999,0
2449,-999,0
2450,-999,0
2451,-999,0
2452,-999,0
2453,-999,0
2454,-999,0
2455,-999,0
2456,-999,0
2457,-999,0
2458,-999,0
2459,-999,0
2460,-999,0
2461,-999,0
2462,-999,0
2463,-999,0
2464,-999,0
2465,-999,0
2466,-999,0
2467,-999,0
2468,-999,0
2469,-999,0
2470,-999,0
2471,-999,0
2472,-999,0
2473,-999,0
2474,-999,0
2475,-999,0
2476,-999,0
2477,-999,0
2478,-999,0
2479,-999,0
2480,-999,0
2481,-999,0
2482,-999,0
2483,-999,0
2484,-999,0
2485,-999,0
2486,-999,0
2487,-999,0
2488,-999,0
2489,-999,0
2490,-999,0
2491,-999,0
2492,-999,0
2493,-999,0
2494,-999,0
2495,-999,0
2496,-999,0
2497,-999,0
2498,-999,0
2499,-999,0
2500,-999,0
2501,-999,0
2502,-999,0
2503,-999,0
2504,-999,0
2505,-999,0
2506,-999,0
2507,-999,0
2508,-999,0
2509,-999,0
2510,-999,0
2511,-999,0
2512,-999,0
2513,-999,0
2514,-999,0
2515,-999,0
2516,-999,0
2517,-999,0
2518,-999,0
2519,-999,0
2520,-999,0
2521,-999,0
2522,-999,0
2523,-999,0
2524,-999,0
2525,-999,0
2526,-999,0
2527,-999,0
2528,-999,0
2529,-999,0
2530,-999,0
2531,-999,0
2532,-999,0
2533,-999,0
2534,-999,0
2535,-999,0
2536,-999,0
2537,-999,0
2538,-999,0
2539,-999,0
2540,-999,0
2541,-999,0
2542,-999,0
2543,-999,0
2544,-999,0
2545,-999,0
2546,-999,0
2547,-999,0
2548,-999,0
2549,-999,0
2550,-999,0
2551,-999,0
2552,-999,0
2553,-999,0
2554,-999,0
2555,-999,0
2556,-999,0
2557,-999,0
2558,-999,0
2559,-999,0
2560,-999,0
2561,-999,0
2562,-999,0
2563,-999,0
2564,-999,0
2565,-999,0
2566,-999,0
2567,-999,0
2568,-999,0
2569,-999,0
2570,-999,0
2571,-999,0
2572,-999,0
2573,-999,0
2574,-999,0
2575,-999,0
2576,-999,0
2577,-999,0
2578,-999,0
2579,-999,0
2580,-999,0
2581,-999,0
2582,-999,0
2583,-999,0
2584,-999,0
2585,-999,0
2586,-999,0
2587,-999,0
2588,-999,0
2589,-999,0
2590,-999,0
2591,-999,0
2592,-999,0
2593,-999,0
2594,-999,0
2595,-999,0
2596,-999,0
2597,-999,0
2598,-999,0
2599,-999,0
2600,-999,0
2601,-999,0
2602,-999,0
2603,-999,0
2604,-999,0
2605,-999,0
2606,-999,0
2607,-999,0
2608,-999,0
2609,-999,0
2610,-999,0
2611,-999,0
2612,-999,0
2613,-999,0
2614,-999,0
2615,-999,0
2616,-999,0
2617,-999,0
2618,-999,0
2619,-999,0
2620,-999,0
2621,-999,0
2622,-999,0
2623,-999,0
2624,-999,0
2625,-999,0
2626,-999,0
2627,-999,0
2628,-999,0
2629,-999,0
2630,-999,0
2631,-999,0
2632,-999,0
2633,-999,0
2634,-999,0
2635,-999,0
2636,-999,0
2637,-999,0
2638,-999,0
2639,-999,0
2640,-999,0
2641,-999,0
2642,-999,0
2643,-999,0
2644,-999,0
2645,-999,0
2646,-999,0
2647,-999,0
2648,-999,0
2649,-999,0
2650,-999,0
2651,-999,0
2652,-999,0
2653,-999,0
2654,-999,0
2655,-999,0
2656,-999,0
2657,-999,0
2658,-999,0
2659,-999,0
2660,-999,0
2661,-999,0
2662,-999,0
2663,-999,0
2664,-999,0
2665,-999,0
2666,-999,0
2667,-999,0
2668,-999,0
2669,-999,0
2670,-999,0
2671,-999,0
2672,-999,0
2673,-999,0
2674,-999,0
2675,-999,0
2676,-999,0
2677,-999,0
2678,-999,0
2679,-999,0
2680,-999,0
2681,-999,0
2682,-999,0
2683,-999,0
2684,-999,0
2685,-999,0
2686,-999,0
2687,-999,0
2688,-999,0
2689,-999,0
2690,-999,0
2691,7.826086957,0
2692,8.181818182,0
2693,8.571428571,0
2694,8.181818182,0
2695,9,0
2696,7.826086957,0
2697,9.473684211,0
2698,8.571428571,0
2699,7.826086957,0
2700,8.181818182,0
2701,9,0
2702,8.181818182,0
2703,8.181818182,0
2704,8.181818182,0
2705,9,0
2706,8.571428571,0
2707,9,0
2708,10,0
2709,8.181818182,0
2710,8.181818182,0
2711,7.826086957,0
2712,8.571428571,0
2713,9.473684211,0
2714,9,0
2715,9,0
2716,8.181818182,0
2717,8.181818182,0
2718,9,0
2719,8.181818182,0
2720,8.571428571,0
2721,9,0
2722,8.571428571,0
2723,9.473684211,0
2724,9,0
2725,8.571428571,0
2726,8.181818182,0
2727,9.473684211,0
2728,8.571428571,0
2729,9,0
2730,7.5,0
2731,9,0
2732,9,0
2733,8.181818182,0
2734,16.36363636,0
2735,7.826086957,0
2736,18,0
2737,9,0
2738,9,0
2739,8.181818182,0
2740,8.181818182,0
2741,8.571428571,0
2742,8.571428571,0
2743,8.571428571,0
2744,8.571428571,0
2745,8.571428571,0
2746,9.473684211,0
2747,9,0
2748,10,0
2749,9.473684211,0
2750,9,0
2751,9.473684211,0
2752,9.473684211,0
2753,9,0
2754,9.473684211,0
2755,9.473684211,0
2756,9.473684211,0
2757,9.473684211,0
2758,9,0
2759,9,0
2760,9.473684211,0
2761,9,0
2762,9.473684211,0
2763,10,0
2764,9.473684211,0
2765,8.571428571,0
2766,8.571428571,0
2767,9,0
2768,9,0
2769,9.473684211,0
2770,9,0
2771,10,0
2772,9.473684211,0
2773,6.666666667,0
2774,6.428571429,0
2775,6.923076923,0
2776,6.923076923,0
2777,6.666666667,0
2778,6.666666667,0
2779,7.2,0
2780,6.923076923,0
2781,7.2,0
2782,6.206896552,0
2783,8.181818182,0
2784,9.473684211,0
2785,10,0
2786,9,0
2787,11.25,0
2788,12,0
2789,11.25,0
2790,12,0
2791,11.25,0
2792,11.25,0
2793,10,0
2794,10.58823529,0
2795,10,0
2796,10,0
2797,8.571428571,0
2798,10,0
2799,10,0
2800,10.58823529,0
2801,12.85714286,0
2802,10,0
2803,11.25,0
2804,9.473684211,0
2805,9.473684211,0
2806,9.473684211,0
2807,9.473684211,0
2808,9.473684211,0
2809,8.181818182,0
2810,8.571428571,0
2811,9,0
2812,7.5,0
2813,9.473684211,0
2814,10.58823529,0
2815,10,0
2816,20,0
2817,18,0
2818,20,0
2819,15,0
2820,16.36363636,0
2821,8.181818182,0
2822,15,0
2823,7.2,0
2824,18,0
2825,12.85714286,0
2826,7.5,0
2827,7.5,0
2828,7.2,0
2829,8.181818182,0
2830,9,0
2831,15,0
2832,20,0
2833,16.36363636,0
2834,15,0
2835,9,0
2836,15,0
2837,12.85714286,0
2838,5.806451613,0
2839,11.25,0
2840,6.428571429,0
2841,6.666666667,0
2842,5.806451613,0
2843,6.206896552,0
2844,6.666666667,0
2845,6.428571429,0
2846,6.206896552,0
2847,10.58823529,0
2848,11.25,0
2849,7.2,0
2850,7.5,0
2851,6.428571429,0
2852,6.206896552,0
2853,6.666666667,0
2854,6.923076923,0
2855,6.923076923,0
2856,7.2,0
2857,7.2,0
2858,7.2,0
2859,7.2,0
2860,7.2,0
2861,7.2,0
2862,9,0
2863,9.473684211,0
2864,9,0
2865,8.571428571,0
2866,6.923076923,0
2867,8.571428571,0
2868,7.5,0
2869,16.36363636,0
2870,7.2,0
2871,7.2,0
2872,6.923076923,0
2873,6.923076923,0
2874,7.826086957,0
2875,7.2,0
2876,6.923076923,0
2877,6.666666667,0
2878,7.2,0
2879,6.206896552,0
2880,6.428571429,0
2881,6.923076923,0
2882,6,0
2883,6.923076923,0
2884,6.206896552,0
2885,6.428571429,0
2886,6.923076923,0
2887,6.206896552,0
2888,6.206896552,0
2889,6.428571429,0
2890,5.806451613,0
2891,6.923076923,0
2892,5.806451613,0
2893,6,0
2894,5.454545455,0
2895,5.806451613,0
2896,6,0
2897,6.206896552,0
2898,6,0
2899,5.625,0
2900,5.294117647,0
2901,5.806451613,0
2902,5.454545455,0
2903,6,0
2904,6,0
2905,6,0
2906,5.454545455,0
2907,5.454545455,0
2908,5.454545455,0
2909,5.806451613,0
2910,5.806451613,0
2911,10,0
2912,5.454545455,0
2913,10.58823529,0
2914,6,0
2915,5.625,0
2916,10,0
2917,9.473684211,0
2918,10.58823529,0
2919,9.473684211,0
2920,5.454545455,0
2921,10,0
2922,10,0
2923,9.473684211,0
2924,9.473684211,0
2925,9,0
2926,9.473684211,0
2927,5.625,0
2928,9.473684211,0
2929,10.58823529,0
2930,9.473684211,0
2931,5.625,0
2932,10.58823529,0
2933,10,0
2934,10,0
2935,10,0
2936,9,0
2937,11.25,0
2938,10,0
2939,20,0
2940,12,0
2941,9.473684211,0
2942,9.473684211,0
2943,13.84615385,0
2944,12.85714286,0
2945,15,0
2946,20,0
2947,15,0
2948,11.25,0
2949,10,0
2950,12.85714286,0
2951,12,0
2952,9.473684211,0
2953,18,0
2954,12.85714286,0
2955,13.84615385,0
2956,16.36363636,0
2957,20,0
2958,18,0
2959,6,0
2960,6,0
2961,18,0
2962,13.84615385,0
2963,6,0
2964,5.625,0
2965,7.2,0
2966,6.666666667,0
2967,7.826086957,0
2968,7.826086957,0
2969,8.571428571,0
2970,20,0
2971,8.571428571,0
2972,7.5,0
2973,20,0
2974,18,0
2975,20,0
2976,20,0
2977,11.25,0
2978,6.206896552,0
2979,7.2,0
2980,6.923076923,0
2981,6.666666667,0
2982,6.428571429,0
2983,6.206896552,0
2984,6.923076923,0
2985,6,0
2986,6.428571429,0
2987,9,0
2988,7.2,0
2989,7.5,0
2990,6.923076923,0
2991,6.428571429,0
2992,6,0
2993,7.2,0
2994,6.206896552,0
2995,6.666666667,0
2996,7.826086957,0
2997,6.666666667,0
2998,6.923076923,0
2999,6.666666667,0
3000,7.826086957,0
3001,7.5,0
3002,7.826086957,0
3003,7.826086957,0
3004,7.5,0
3005,7.826086957,0
3006,9,0
3007,8.181818182,0
3008,8.571428571,0
3009,8.571428571,0
3010,11.25,0
3011,16.36363636,0
3012,20,0
3013,6.666666667,0
3014,7.826086957,0
3015,9.473684211,0
3016,9.473684211,0
3017,9.473684211,0
3018,9.473684211,0
3019,10,0
3020,10,0
3021,9,0
3022,9.473684211,0
3023,12,0
3024,10.58823529,0
3025,9,0
3026,12.85714286,0
3027,10.58823529,0
3028,10.58823529,0
3029,10,0
3030,10.58823529,0
3031,9.473684211,0
3032,10.58823529,0
3033,10.58823529,0
3034,10.58823529,0
3035,10.58823529,0
3036,9,0
3037,9,0
3038,9.473684211,0
3039,18,0
3040,16.36363636,0
3041,8.181818182,0
3042,7.826086957,0
3043,8.181818182,0
3044,8.571428571,0
3045,8.571428571,0
3046,8.181818182,0
3047,8.571428571,0
3048,8.571428571,0
3049,7.826086957,0
3050,8.181818182,0
3051,10,0
3052,12,0
3053,12,0
3054,12,0
3055,11.25,0
3056,11.25,0
3057,12,0
3058,12.85714286,0
3059,15,0
3060,10.58823529,0
3061,3.6,0
3062,4.285714286,0
3063,4.5,0
3064,4.5,0
3065,-999,0
3066,-999,0
3067,-999,0
3068,-999,0
3069,-999,0
3070,-999,0
3071,-999,0
3072,-999,0
3073,-999,0
3074,-999,0
3075,-999,0
3076,-999,0
3077,-999,0
3078,-999,0
3079,-999,0
3080,-999,0
3081,-999,0
3082,-999,0
3083,-999,0
3084,-999,0
3085,-999,0
3086,-999,0
3087,-999,0
3088,-999,0
3089,-999,0
3090,-999,0
3091,-999,0
3092,-999,0
3093,-999,0
3094,-999,0
3095,-999,0
3096,-999,0
3097,-999,0
3098,-999,0
3099,-999,0
3100,-999,0
3101,-999,0
3102,-999,0
3103,-999,0
3104,-999,0
3105,-999,0
3106,-999,0
3107,-999,0
3108,-999,0
3109,-999,0
3110,-999,0
3111,-999,0
3112,-999,0
3113,-999,0
3114,-999,0
3115,-999,0
3116,-999,0
3117,-999,0
3118,-999,0
3119,-999,0
3120,-999,0
3121,-999,0
3122,-999,0
3123,-999,0
3124,-999,0
3125,-999,0
3126,-999,0
3127,-999,0
3128,-999,0
3129,-999,0
3130,-999,0
3131,-999,0
3132,-999,0
3133,-999,0
3134,-999,0
3135,-999,0
3136,-999,0
3137,-999,0
3138,-999,0
3139,-999,0
3140,-999,0
3141,-999,0
3142,-999,0
3143,-999,0
3144,-999,0
3145,-999,0
3146,-999,0
3147,-999,0
3148,-999,0
3149,-999,0
3150,-999,0
3151,-999,0
3152,-999,0
3153,-999,0
3154,-999,0
3155,-999,0
3156,-999,0
3157,-999,0
3158,-999,0
3159,-999,0
3160,-999,0
3161,-999,0
3162,-999,0
3163,-999,0
3164,-999,0
3165,-999,0
3166,-999,0
3167,-999,0
3168,-999,0
3169,-999,0
3170,-999,0
3171,-999,0
3172,-999,0
3173,-999,0
3174,-999,0
3175,-999,0
3176,-999,0
3177,-999,0
3178,-999,0
3179,-999,0
3180,-999,0
3181,-999,0
3182,-999,0
3183,-999,0
3184,-999,0
3185,-999,0
3186,-999,0
3187,-999,0
3188,-999,0
3189,-999,0
3190,-999,0
3191,-999,0
3192,-999,0
3193,-999,0
3194,-999,0
3195,-999,0
3196,-999,0
3197,-999,0
3198,-999,0
3199,-999,0
3200,-999,0
3201,-999,0
3202,-999,0
3203,-999,0
3204,-999,0
3205,-999,0
3206,-999,0
3207,-999,0
3208,-999,0
3209,-999,0
3210,-999,0
3211,-999,0
3212,-999,0
3213,-999,0
3214,-999,0
3215,-999,0
3216,-999,0
3217,-999,0
3218,-999,0
3219,-999,0
3220,-999,0
3221,-999,0
3222,-999,0
3223,-999,0
3224,-999,0
3225,-999,0
3226,-999,0
3227,-999,0
3228,-999,0
3229,-999,0
3230,-999,0
3231,-999,0
3232,-999,0
3233,-999,0
3234,-999,0
3235,-999,0
3236,-999,0
3237,-999,0
3238,-999,0
3239,-999,0
3240,-999,0
3241,-999,0
3242,-999,0
3243,-999,0
3244,-999,0
3245,-999,0
3246,-999,0
3247,-999,0
3248,-999,0
3249,-999,0
3250,-999,0
3251,-999,0
3252,-999,0
3253,-999,0
3254,-999,0
3255,-999,0
3256,-999,0
3257,-999,0
3258,-999,0
3259,-999,0
3260,-999,0
3261,-999,0
3262,-999,0
3263,-999,0
3264,-999,0
3265,-999,0
3266,-999,0
3267,-999,0
3268,-999,0
3269,-999,0
3270,-999,0
3271,-999,0
3272,-999,0
3273,-999,0
3274,-999,0
3275,-999,0
3276,-999,0
3277,-999,0
3278,-999,0
3279,-999,0
3280,-999,0
3281,-999,0
3282,-999,0
3283,-999,0
3284,-999,0
3285,-999,0
3286,-999,0
3287,-999,0
3288,-999,0
3289,-999,0
3290,-999,0
3291,-999,0
3292,-999,0
3293,-999,0
3294,-999,0
3295,-999,0
3296,-999,0
3297,-999,0
3298,-999,0
3299,-999,0
3300,-999,0
3301,-999,0
3302,-999,0
3303,-999,0
3304,-999,0
3305,-999,0
3306,-999,0
3307,-999,0
3308,-999,0
3309,-999,0
3310,-999,0
3311,-999,0
3312,-999,0
3313,-999,0
3314,-999,0
3315,-999,0
3316,-999,0
3317,-999,0
3318,-999,0
3319,-999,0
3320,-999,0
3321,-999,0
3322,-999,0
3323,-999,0
3324,-999,0
3325,-999,0
3326,-999,0
3327,-999,0
3328,-999,0
3329,-999,0
3330,-999,0
3331,-999,0
3332,-999,0
3333,-999,0
3334,-999,0
3335,-999,0
3336,-999,0
3337,-999,0
3338,-999,0
3339,-999,0
3340,-999,0
3341,-999,0
3342,-999,0
3343,-999,0
3344,-999,0
3345,-999,0
3346,-999,0
3347,-999,0
3348,-999,0
3349,-999,0
3350,-999,0
3351,-999,0
3352,-999,0
3353,-999,0
3354,-999,0
3355,-999,0
3356,-999,0
3357,-999,0
3358,-999,0
3359,-999,0
3360,-999,0
3361,-999,0
3362,-999,0
3363,-999,0
3364,-999,0
3365,-999,0
3366,-999,0
3367,-999,0
3368,-999,0
3369,-999,0
3370,-999,0
3371,-999,0
3372,-999,0
3373,-999,0
3374,-999,0
3375,-999,0
3376,-999,0
3377,-999,0
3378,-999,0
3379,-999,0
3380,-999,0
3381,-999,0
3382,-999,0
3383,-999,0
3384,-999,0
3385,-999,0
3386,-999,0
3387,-999,0
3388,-999,0
3389,-999,0
3390,-999,0
3391,-999,0
3392,-999,0
3393,-999,0
3394,-999,0
3395,-999,0
3396,-999,0
3397,-999,0
3398,-999,0
3399,-999,0
3400,-999,0
3401,-999,0
3402,-999,0
3403,-999,0
3404,-999,0
3405,-999,0
3406,-999,0
3407,-999,0
3408,-999,0
3409,-999,0
3410,-999,0
3411,-999,0
3412,-999,0
3413,-999,0
3414,-999,0
3415,-999,0
3416,-999,0
3417,-999,0
3418,-999,0
3419,-999,0
3420,-999,0
3421,-999,0
3422,-999,0
3423,-999,0
3424,-999,0
3425,-999,0
3426,-999,0
3427,-999,0
3428,-999,0
3429,-999,0
3430,-999,0
3431,-999,0
3432,-999,0
3433,-999,0
3434,-999,0
3435,-999,0
3436,-999,0
3437,-999,0
3438,-999,0
3439,-999,0
3440,-999,0
3441,-999,0
3442,-999,0
3443,-999,0
3444,-999,0
3445,-999,0
3446,-999,0
3447,-999,0
3448,-999,0
3449,-999,0
3450,-999,0
3451,-999,0
3452,-999,0
3453,-999,0
3454,-999,0
3455,-999,0
3456,-999,0
3457,-999,0
3458,-999,0
3459,-999,0
3460,-999,0
3461,-999,0
3462,-999,0
3463,-999,0
3464,-999,0
3465,-999,0
3466,-999,0
3467,-999,0
3468,-999,0
3469,-999,0
3470,-999,0
3471,-999,0
3472,-999,0
3473,-999,0
3474,-999,0
3475,-999,0
3476,-999,0
3477,-999,0
3478,-999,0
3479,-999,0
3480,-999,0
3481,-999,0
3482,-999,0
3483,-999,0
3484,-999,0
3485,-999,0
3486,-999,0
3487,-999,0
3488,-999,0
3489,-999,0
3490,-999,0
3491,-999,0
3492,-999,0
3493,-999,0
3494,-999,0
3495,-999,0
3496,-999,0
3497,-999,0
3498,-999,0
3499,-999,0
3500,-999,0
3501,-999,0
3502,-999,0
3503,-999,0
3504,-999,0
3505,-999,0
3506,-999,0
3507,-999,0
3508,-999,0
3509,-999,0
3510,-999,0
3511,-999,0
3512,-999,0
3513,-999,0
3514,-999,0
3515,-999,0
3516,-999,0
3517,-999,0
3518,-999,0
3519,-999,0
3520,-999,0
3521,-999,0
3522,-999,0
3523,-999,0
3524,-999,0
3525,-999,0
3526,-999,0
3527,-999,0
3528,-999,0
3529,-999,0
3530,-999,0
3531,-999,0
3532,-999,0
3533,-999,0
3534,-999,0
3535,-999,0
3536,-999,0
3537,-999,0
3538,-999,0
3539,-999,0
3540,-999,0
3541,-999,0
3542,-999,0
3543,-999,0
3544,-999,0
3545,-999,0
3546,-999,0
3547,-999,0
3548,-999,0
3549,-999,0
3550,-999,0
3551,-999,0
3552,-999,0
3553,-999,0
3554,-999,0
3555,-999,0
3556,-999,0
3557,-999,0
3558,-999,0
3559,-999,0
3560,-999,0
3561,-999,0
3562,-999,0
3563,-999,0
3564,-999,0
3565,-999,0
3566,-999,0
3567,-999,0
3568,-999,0
3569,-999,0
3570,-999,0
3571,-999,0
3572,-999,0
3573,-999,0
3574,-999,0
3575,-999,0
3576,-999,0
3577,-999,0
3578,-999,0
3579,-999,0
3580,-999,0
3581,-999,0
3582,-999,0
3583,-999,0
3584,-999,0
3585,-999,0
3586,-999,0
3587,-999,0
3588,-999,0
3589,-999,0
3590,-999,0
3591,-999,0
3592,-999,0
3593,-999,0
3594,-999,0
3595,-999,0
3596,-999,0
3597,-999,0
3598,-999,0
3599,-999,0
3600,-999,0
3601,-999,0
3602,-999,0
3603,-999,0
3604,-999,0
3605,-999,0
3606,-999,0
3607,-999,0
3608,-999,0
3609,-999,0
3610,-999,0
3611,-999,0
3612,-999,0
3613,-999,0
3614,-999,0
3615,-999,0
3616,-999,0
3617,-999,0
3618,-999,0
3619,-999,0
3620,-999,0
3621,-999,0
3622,-999,0
3623,-999,0
3624,-999,0
3625,-999,0
3626,-999,0
3627,-999,0
3628,-999,0
3629,-999,0
3630,-999,0
3631,-999,0
3632,-999,0
3633,-999,0
3634,-999,0
3635,-999,0
3636,-999,0
3637,-999,0
3638,-999,0
3639,-999,0
3640,-999,0
3641,-999,0
3642,-999,0
3643,-999,0
3644,-999,0
3645,-999,0
3646,-999,0
3647,-999,0
3648,-999,0
3649,-999,0
3650,-999,0
3651,-999,0
3652,-999,0
3653,-999,0
3654,-999,0
3655,-999,0
3656,-999,0
3657,-999,0
3658,-999,0
3659,-999,0
3660,-999,0
3661,-999,0
3662,-999,0
3663,-999,0
3664,-999,0
3665,-999,0
3666,-999,0
3667,-999,0
3668,-999,0
3669,-999,0
3670,-999,0
3671,-999,0
3672,-999,0
3673,-999,0
3674,-999,0
3675,-999,0
3676,-999,0
3677,-999,0
3678,-999,0
3679,-999,0
3680,-999,0
3681,-999,0
3682,-999,0
3683,-999,0
3684,-999,0
3685,-999,0
3686,-999,0
3687,-999,0
3688,-999,0
3689,-999,0
3690,-999,0
3691,-999,0
3692,-999,0
3693,-999,0
3694,-999,0
3695,-999,0
3696,-999,0
3697,-999,0
3698,-999,0
3699,-999,0
3700,-999,0
3701,-999,0
3702,-999,0
3703,-999,0
3704,-999,0
3705,-999,0
3706,-999,0
3707,-999,0
3708,-999,0
3709,-999,0
3710,-999,0
3711,-999,0
3712,-999,0
3713,-999,0
3714,-999,0
3715,-999,0
3716,-999,0
3717,-999,0
3718,-999,0
3719,-999,0
3720,-999,0
3721,-999,0
3722,-999,0
3723,-999,0
3724,-999,0
3725,-999,0
3726,-999,0
3727,-999,0
3728,-999,0
3729,-999,0
3730,-999,0
3731,-999,0
3732,-999,0
3733,-999,0
3734,-999,0
3735,-999,0
3736,-999,0
3737,-999,0
3738,-999,0
3739,-999,0
3740,-999,0
3741,-999,0
3742,-999,0
3743,-999,0
3744,-999,0
3745,-999,0
3746,-999,0
3747,-999,0
3748,-999,0
3749,-999,0
3750,-999,0
3751,-999,0
3752,-999,0
3753,-999,0
3754,-999,0
3755,-999,0
3756,-999,0
3757,-999,0
3758,-999,0
3759,-999,0
3760,-999,0
3761,-999,0
3762,-999,0
3763,-999,0
3764,-999,0
3765,-999,0
3766,-999,0
3767,-999,0
3768,-999,0
3769,-999,0
3770,-999,0
3771,-999,0
3772,-999,0
3773,-999,0
3774,-999,0
3775,-999,0
3776,-999,0
3777,-999,0
3778,-999,0
3779,-999,0
3780,-999,0
3781,-999,0
3782,-999,0
3783,-999,0
3784,-999,0
3785,-999,0
3786,-999,0
3787,-999,0
3788,-999,0
3789,-999,0
3790,-999,0
3791,-999,0
3792,-999,0
3793,-999,0
3794,-999,0
3795,8.181818182,0
3796,10.58823529,0
3797,18,0
3798,8.181818182,0
3799,8.181818182,0
3800,8.571428571,0
3801,16.36363636,0
3802,7.5,0
3803,9.473684211,0
3804,7.5,0
3805,9,0
3806,7.826086957,0
3807,7.826086957,0
3808,6.923076923,0
3809,7.2,0
3810,8.181818182,0
3811,8.571428571,0
3812,9,0
3813,8.181818182,0
3814,7.826086957,0
3815,7.826086957,0
3816,8.181818182,0
3817,7.826086957,0
3818,7.826086957,0
3819,7.5,0
3820,7.826086957,0
3821,7.5,0
3822,7.2,0
3823,7.2,0
3824,6.923076923,0
3825,7.2,0
3826,6,0
3827,6.923076923,0
3828,6.428571429,0
3829,6.206896552,0
3830,6.206896552,0
3831,6.666666667,0
3832,6.666666667,0
3833,6.923076923,0
3834,6.666666667,0
3835,6.923076923,0
3836,7.5,0
3837,6.666666667,0
3838,6.206896552,0
3839,6.923076923,0
3840,6.923076923,0
3841,6.206896552,0
3842,6.666666667,0
3843,8.571428571,0
3844,9.473684211,0
3845,9.473684211,0
3846,8.571428571,0
3847,9,0
3848,7.826086957,0
3849,7.2,0
3850,6.666666667,0
3851,7.826086957,0
3852,7.826086957,0
3853,7.826086957,0
3854,8.571428571,0
3855,9,0
3856,10,0
3857,6.428571429,0
3858,6,0
3859,6.666666667,0
3860,6.428571429,0
3861,6.428571429,0
3862,6.206896552,0
3863,6,0
3864,6.428571429,0
3865,6,0
3866,6.666666667,0
3867,6.666666667,0
3868,6.206896552,0
3869,6.666666667,0
3870,6.428571429,0
3871,6.666666667,0
3872,6.666666667,0
3873,6.428571429,0
3874,7.2,0
3875,6,0
3876,6.666666667,0
3877,6.666666667,0
3878,7.5,0
3879,7.2,0
3880,7.2,0
3881,7.826086957,0
3882,8.571428571,0
3883,9,0
3884,9,0
3885,8.181818182,0
3886,9,0
3887,9,0
3888,9,0
3889,8.181818182,0
3890,8.181818182,0
3891,-999,0
3892,-999,0
3893,-999,0
3894,-999,0
3895,-999,0
3896,-999,0
3897,-999,0
3898,-999,0
3899,-999,0
3900,-999,0
3901,-999,0
3902,-999,0
3903,-999,0
3904,-999,0
3905,-999,0
3906,-999,0
3907,-999,0
3908,-999,0
3909,-999,0
3910,-999,0
3911,-999,0
3912,-999,0
3913,-999,0
3914,-999,0
3915,-999,0
3916,-999,0
3917,6,0
3918,13.84615385,0
3919,3.157894737,0
3920,12,0
3921,12.85714286,0
3922,4,0
3923,6,0
3924,2.535211268,0
3925,4,0
3926,2.093023256,0
3927,3.461538462,0
3928,2.117647059,0
3929,2.045454545,0
3930,2.117647059,0
3931,2.168674699,0
3932,2.195121951,0
3933,2.465753425,0
3934,2.278481013,0
3935,2.168674699,0
3936,2,0
3937,12.85714286,0
3938,12.85714286,0
3939,-999,0
3940,-999,0
3941,-999,0
3942,-999,0
3943,-999,0
3944,-999,0
3945,-999,0
3946,-999,0
3947,-999,0
3948,-999,0
3949,-999,0
3950,-999,0
3951,-999,0
3952,-999,0
3953,-999,0
3954,-999,0
3955,-999,0
3956,-999,0
3957,-999,0
3958,-999,0
3959,-999,0
3960,-999,0
3961,-999,0
3962,-999,0
3963,-999,0
3964,-999,0
3965,-999,0
3966,-999,0
3967,-999,0
3968,-999,0
3969,-999,0
3970,-999,0
3971,-999,0
3972,-999,0
3973,-999,0
3974,-999,0
3975,-999,0
3976,-999,0
3977,-999,0
3978,-999,0
3979,-999,0
3980,-999,0
3981,-999,0
3982,-999,0
3983,-999,0
3984,-999,0
3985,-999,0
3986,-999,0
3987,-999,0
3988,-999,0
3989,-999,0
3990,-999,0
3991,-999,0
3992,-999,0
3993,-999,0
3994,-999,0
3995,-999,0
3996,-999,0
3997,-999,0
3998,-999,0
3999,-999,0
4000,-999,0
4001,-999,0
4002,-999,0
4003,-999,0
4004,-999,0
4005,-999,0
4006,-999,0
4007,-999,0
4008,-999,0
4009,-999,0
4010,-999,0
4011,-999,0
4012,-999,0
4013,-999,0
4014,-999,0
4015,-999,0
4016,-999,0
4017,-999,0
4018,-999,0
4019,-999,0
4020,-999,0
4021,-999,0
4022,-999,0
4023,-999,0
4024,-999,0
4025,-999,0
4026,-999,0
4027,-999,0
4028,-999,0
4029,-999,0
4030,-999,0
4031,-999,0
4032,-999,0
4033,-999,0
4034,-999,0
4035,-999,0
4036,-999,0
4037,-999,0
4038,-999,0
4039,-999,0
4040,-999,0
4041,-999,0
4042,-999,0
4043,-999,0
4044,-999,0
4045,-999,0
4046,-999,0
4047,-999,0
4048,-999,0
4049,-999,0
4050,-999,0
4051,-999,0
4052,-999,0
4053,-999,0
4054,-999,0
4055,-999,0
4056,-999,0
4057,-999,0
4058,-999,0
4059,-999,0
4060,-999,0
4061,-999,0
4062,-999,0
4063,-999,0
4064,-999,0
4065,-999,0
4066,-999,0
4067,-999,0
4068,-999,0
4069,-999,0
4070,-999,0
4071,-999,0
4072,-999,0
4073,-999,0
4074,-999,0
4075,-999,0
4076,-999,0
4077,-999,0
4078,-999,0
4079,-999,0
4080,-999,0
4081,-999,0
4082,-999,0
4083,-999,0
4084,-999,0
4085,-999,0
4086,-999,0
4087,-999,0
4088,-999,0
4089,-999,0
4090,-999,0
4091,-999,0
4092,-999,0
4093,-999,0
4094,-999,0
4095,-999,0
4096,-999,0
4097,-999,0
4098,-999,0
4099,-999,0
4100,-999,0
4101,-999,0
4102,-999,0
4103,-999,0
4104,-999,0
4105,-999,0
4106,-999,0
4107,-999,0
4108,-999,0
4109,-999,0
4110,-999,0
4111,-999,0
4112,-999,0
4113,-999,0
4114,-999,0
4115,-999,0
4116,-999,0
4117,-999,0
4118,-999,0
4119,-999,0
4120,-999,0
4121,-999,0
4122,-999,0
4123,-999,0
4124,-999,0
4125,-999,0
4126,-999,0
4127,-999,0
4128,-999,0
4129,-999,0
4130,-999,0
4131,-999,0
4132,-999,0
4133,-999,0
4134,-999,0
4135,-999,0
4136,-999,0
4137,-999,0
4138,-999,0
4139,-999,0
4140,-999,0
4141,-999,0
4142,-999,0
4143,-999,0
4144,-999,0
4145,-999,0
4146,-999,0
4147,-999,0
4148,-999,0
4149,-999,0
4150,-999,0
4151,-999,0
4152,-999,0
4153,-999,0
4154,-999,0
4155,-999,0
4156,-999,0
4157,-999,0
4158,-999,0
4159,-999,0
4160,-999,0
4161,-999,0
4162,-999,0
4163,-999,0
4164,-999,0
4165,-999,0
4166,-999,0
4167,-999,0
4168,-999,0
4169,-999,0
4170,-999,0
4171,-999,0
4172,-999,0
4173,-999,0
4174,-999,0
4175,-999,0
4176,-999,0
4177,-999,0
4178,-999,0
4179,-999,0
4180,-999,0
4181,-999,0
4182,-999,0
4183,-999,0
4184,-999,0
4185,-999,0
4186,-999,0
4187,-999,0
4188,-999,0
4189,-999,0
4190,-999,0
4191,-999,0
4192,-999,0
4193,-999,0
4194,-999,0
4195,-999,0
4196,-999,0
4197,-999,0
4198,-999,0
4199,-999,0
4200,-999,0
4201,-999,0
4202,-999,0
4203,-999,0
4204,-999,0
4205,-999,0
4206,-999,0
4207,-999,0
4208,-999,0
4209,-999,0
4210,-999,0
4211,-999,0
4212,-999,0
4213,-999,0
4214,-999,0
4215,-999,0
4216,-999,0
4217,-999,0
4218,-999,0
4219,-999,0
4220,-999,0
4221,-999,0
4222,-999,0
4223,-999,0
4224,-999,0
4225,-999,0
4226,-999,0
4227,-999,0
4228,-999,0
4229,-999,0
4230,-999,0
4231,-999,0
4232,-999,0
4233,-999,0
4234,-999,0
4235,-999,0
4236,-999,0
4237,-999,0
4238,-999,0
4239,-999,0
4240,-999,0
4241,-999,0
4242,-999,0
4243,-999,0
4244,-999,0
4245,-999,0
4246,-999,0
4247,-999,0
4248,-999,0
4249,-999,0
4250,-999,0
4251,-999,0
4252,-999,0
4253,-999,0
4254,-999,0
4255,-999,0
4256,-999,0
4257,-999,0
4258,-999,0
4259,-999,0
4260,-999,0
4261,-999,0
4262,-999,0
4263,-999,0
4264,-999,0
4265,-999,0
4266,-999,0
4267,-999,0
4268,-999,0
4269,-999,0
4270,-999,0
4271,-999,0
4272,-999,0
4273,-999,0
4274,-999,0
4275,-999,0
4276,-999,0
4277,-999,0
4278,-999,0
4279,-999,0
4280,-999,0
4281,-999,0
4282,-999,0
4283,-999,0
4284,-999,0
4285,-999,0
4286,-999,0
4287,-999,0
4288,-999,0
4289,-999,0
4290,-999,0
4291,-999,0
4292,-999,0
4293,-999,0
4294,-999,0
4295,-999,0
4296,-999,0
4297,-999,0
4298,-999,0
4299,-999,0
4300,-999,0
4301,-999,0
4302,-999,0
4303,-999,0
4304,-999,0
4305,-999,0
4306,-999,0
4307,-999,0
4308,-999,0
4309,-999,0
4310,-999,0
4311,-999,0
4312,-999,0
4313,-999,0
4314,-999,0
4315,-999,0
4316,-999,0
4317,-999,0
4318,-999,0
4319,-999,0
4320,-999,0
4321,-999,0
4322,-999,0
4323,6.428571429,0
4324,6.206896552,0
4325,5.625,0
4326,5.806451613,0
4327,6,0
4328,5.294117647,0
4329,5.806451613,0
4330,6,0
4331,5.806451613,0
4332,6.666666667,0
4333,6.923076923,0
4334,6.666666667,0
4335,5.625,0
4336,6.206896552,0
4337,6.206896552,0
4338,5.625,0
4339,5.806451613,0
4340,7.826086957,0
4341,5.625,0
4342,5.806451613,0
4343,5.625,0
4344,5.625,0
4345,9.473684211,0
4346,6,0
4347,18,0
4348,18,0
4349,15,0
4350,16.36363636,0
4351,7.826086957,0
4352,20,0
4353,18,0
4354,20,0
4355,13.84615385,0
4356,16.36363636,0
4357,15,0
4358,20,0
4359,20,0
4360,15,0
4361,7.5,0
4362,6.923076923,0
4363,7.2,0
4364,7.5,0
4365,20,0
4366,8.181818182,0
4367,20,0
4368,20,0
4369,16.36363636,0
4370,20,0
4371,20,0
4372,18,0
4373,7.2,0
4374,6.428571429,0
4375,6.666666667,0
4376,15,0
4377,6.923076923,0
4378,6.666666667,0
4379,6.923076923,0
4380,6.923076923,0
4381,6.923076923,0
4382,7.5,0
4383,7.826086957,0
4384,7.5,0
4385,7.5,0
4386,8.571428571,0
4387,7.5,0
4388,7.826086957,0
4389,7.5,0
4390,8.571428571,0
4391,7.5,0
4392,8.181818182,0
4393,8.571428571,0
4394,7.2,0
4395,8.571428571,0
4396,6.666666667,0
4397,6.666666667,0
4398,10,0
4399,7.5,0
4400,8.181818182,0
4401,7.826086957,0
4402,6.923076923,0
4403,7.826086957,0
4404,10.58823529,0
4405,10,0
4406,7.826086957,0
4407,11.25,0
4408,11.25,0
4409,10.58823529,0
4410,11.25,0
4411,10.58823529,0
4412,11.25,0
4413,12,0
4414,12,0
4415,-999,0
4416,12.22222222,0
4417,12.85714286,0
4418,12.85714286,0
4419,12.85714286,0
4420,12.85714286,0
4421,13.84615385,0
4422,13.84615385,0
4423,12.85714286,0
4424,13.84615385,0
4425,13.84615385,0
4426,13.84615385,0
4427,13.84615385,0
4428,12.85714286,0
4429,13.84615385,0
4430,-999,0
4431,-999,0
4432,-999,0
4433,-999,0
4434,-999,0
4435,-999,0
4436,-999,0
4437,-999,0
4438,-999,0
4439,-999,0
4440,-999,0
4441,-999,0
4442,-999,0
4443,-999,0
4444,-999,0
4445,-999,0
4446,-999,0
4447,-999,0
4448,-999,0
4449,-999,0
4450,-999,0
4451,-999,0
4452,-999,0
4453,-999,0
4454,-999,0
4455,-999,0
4456,-999,0
4457,-999,0
4458,-999,0
4459,-999,0
4460,-999,0
4461,-999,0
4462,-999,0
4463,-999,0
4464,-999,0
4465,-999,0
4466,-999,0
4467,-999,0
4468,-999,0
4469,-999,0
4470,-999,0
4471,-999,0
4472,-999,0
4473,-999,0
4474,-999,0
4475,-999,0
4476,-999,0
4477,-999,0
4478,-999,0
4479,-999,0
4480,-999,0
4481,-999,0
4482,-999,0
4483,-999,0
4484,-999,0
4485,-999,0
4486,-999,0
4487,-999,0
4488,-999,0
4489,-999,0
4490,-999,0
4491,-999,0
4492,-999,0
4493,-999,0
4494,-999,0
4495,-999,0
4496,-999,0
4497,-999,0
4498,-999,0
4499,-999,0
4500,-999,0
4501,-999,0
4502,-999,0
4503,-999,0
4504,-999,0
4505,-999,0
4506,-999,0
4507,-999,0
4508,-999,0
4509,-999,0
4510,-999,0
4511,-999,0
4512,-999,0
4513,-999,0
4514,-999,0
4515,-999,0
4516,-999,0
4517,-999,0
4518,-999,0
4519,-999,0
4520,-999,0
4521,-999,0
4522,-999,0
4523,-999,0
4524,-999,0
4525,-999,0
4526,-999,0
4527,-999,0
4528,-999,0
4529,-999,0
4530,-999,0
4531,-999,0
4532,-999,0
4533,-999,0
4534,-999,0
4535,-999,0
4536,-999,0
4537,-999,0
4538,-999,0
4539,-999,0
4540,-999,0
4541,-999,0
4542,-999,0
4543,-999,0
4544,-999,0
4545,-999,0
4546,-999,0
4547,-999,0
4548,-999,0
4549,-999,0
4550,-999,0
4551,-999,0
4552,-999,0
4553,-999,0
4554,-999,0
4555,-999,0
4556,-999,0
4557,-999,0
4558,-999,0
4559,-999,0
4560,-999,0
4561,-999,0
4562,-999,0
4563,-999,0
4564,-999,0
4565,-999,0
4566,-999,0
4567,-999,0
4568,-999,0
4569,-999,0
4570,-999,0
4571,-999,0
4572,-999,0
4573,-999,0
4574,-999,0
4575,-999,0
4576,-999,0
4577,-999,0
4578,-999,0
4579,-999,0
4580,-999,0
4581,-999,0
4582,-999,0
4583,-999,0
4584,-999,0
4585,-999,0
4586,-999,0
4587,-999,0
4588,-999,0
4589,-999,0
4590,-999,0
4591,-999,0
4592,-999,0
4593,-999,0
4594,-999,0
4595,-999,0
4596,-999,0
4597,-999,0
4598,-999,0
4599,-999,0
4600,-999,0
4601,-999,0
4602,-999,0
4603,-999,0
4604,-999,0
4605,-999,0
4606,-999,0
4607,-999,0
4608,-999,0
4609,-999,0
4610,-999,0
4611,-999,0
4612,-999,0
4613,-999,0
4614,-999,0
4615,-999,0
4616,-999,0
4617,-999,0
4618,-999,0
4619,-999,0
4620,-999,0
4621,-999,0
4622,-999,0
4623,-999,0
4624,-999,0
4625,-999,0
4626,-999,0
4627,-999,0
4628,-999,0
4629,-999,0
4630,-999,0
4631,-999,0
4632,-999,0
4633,-999,0
4634,-999,0
4635,-999,0
4636,-999,0
4637,-999,0
4638,-999,0
4639,-999,0
4640,-999,0
4641,-999,0
4642,-999,0
4643,-999,0
4644,-999,0
4645,-999,0
4646,-999,0
4647,-999,0
4648,-999,0
4649,-999,0
4650,-999,0
4651,-999,0
4652,-999,0
4653,-999,0
4654,12.16666667,0
4655,13.84615385,0
4656,12.85714286,0
4657,12.85714286,0
4658,12.85714286,0
4659,12.85714286,0
4660,13.84615385,0
4661,12.85714286,0
4662,12.85714286,0
4663,12.85714286,0
4664,13.84615385,0
4665,13.84615385,0
4666,12.85714286,0
4667,11.25,0
4668,13.84615385,0
4669,13.84615385,0
4670,8.571428571,0
4671,13.84615385,0
4672,12,0
4673,13.84615385,0
4674,12,0
4675,10.58823529,0
4676,7.2,0
4677,8.181818182,0
4678,12.85714286,0
4679,13.84615385,0
4680,9,0
4681,9.473684211,0
4682,9.473684211,0
4683,8.181818182,0
4684,7.826086957,0
4685,9.473684211,0
4686,9.473684211,0
4687,20,0
4688,9,0
4689,7.826086957,0
4690,20,0
4691,8.571428571,0
4692,7.826086957,0
4693,7.826086957,0
4694,9.473684211,0
4695,8.181818182,0
4696,8.181818182,0
4697,8.181818182,0
4698,8.571428571,0
4699,7.5,0
4700,9.473684211,0
4701,8.571428571,0
4702,11.25,0
4703,6.923076923,0
4704,8.181818182,0
4705,5.806451613,0
4706,7.826086957,0
4707,7.826086957,0
4708,9,0
4709,10,0
4710,10.58823529,0
4711,13.84615385,0
4712,13.84615385,0
4713,12.85714286,0
4714,13.84615385,0
4715,13.84615385,0
4716,13.84615385,0
4717,7.826086957,0
4718,12,0
4719,12,0
4720,6.666666667,0
4721,12.85714286,0
4722,7.826086957,0
4723,13.84615385,0
4724,13.84615385,0
4725,7.826086957,0
4726,11.25,0
4727,12.85714286,0
4728,-999,0
4729,12.85714286,0
4730,18,0
4731,12,0
4732,8.181818182,0
4733,16.36363636,0
4734,18,0
4735,18,0
4736,12.85714286,0
4737,16.36363636,0
4738,10,0
4739,13.84615385,0
4740,15,0
4741,10.58823529,0
4742,9.473684211,0
4743,9,0
4744,8.181818182,0
4745,8.571428571,0
4746,7.2,0
4747,8.181818182,0
4748,8.181818182,0
4749,9,0
4750,16.36363636,0
4751,8.571428571,0
4752,7.5,0
4753,7.5,0
4754,8.571428571,0
4755,8.181818182,0
4756,16.36363636,0
4757,16.36363636,0
4758,8.181818182,0
4759,16.36363636,0
4760,16.36363636,0
4761,8.571428571,0
4762,8.181818182,0
4763,16.36363636,0
4764,16.36363636,0
4765,15,0
4766,15,0
4767,15,0
4768,16.36363636,0
4769,15,0
4770,7.5,0
4771,9,0
4772,10.58823529,0
4773,9.473684211,0
4774,10,0
4775,10.58823529,0
4776,-999,0
4777,-999,0
4778,-999,0
4779,-999,0
4780,-999,0
4781,-999,0
4782,-999,0
4783,-999,0
4784,-999,0
4785,-999,0
4786,-999,0
4787,-999,0
4788,-999,0
4789,-999,0
4790,-999,0
4791,-999,0
4792,-999,0
4793,-999,0
4794,-999,0
4795,-999,0
4796,-999,0
4797,-999,0
4798,-999,0
4799,-999,0
4800,-999,0
4801,-999,0
4802,-999,0
4803,-999,0
4804,-999,0
4805,-999,0
4806,-999,0
4807,-999,0
4808,-999,0
4809,-999,0
4810,-999,0
4811,-999,0
4812,-999,0
4813,-999,0
4814,-999,0
4815,-999,0
4816,-999,0
4817,-999,0
4818,-999,0
4819,-999,0
4820,-999,0
4821,-999,0
4822,-999,0
4823,-999,0
4824,-999,0
4825,-999,0
4826,-999,0
4827,-999,0
4828,-999,0
4829,-999,0
4830,-999,0
4831,-999,0
4832,-999,0
4833,-999,0
4834,-999,0
4835,-999,0
4836,-999,0
4837,-999,0
4838,-999,0
4839,-999,0
4840,-999,0
4841,-999,0
4842,-999,0
4843,-999,0
4844,-999,0
4845,-999,0
4846,-999,0
4847,-999,0
4848,-999,0
4849,-999,0
4850,-999,0
4851,-999,0
4852,-999,0
4853,-999,0
4854,-999,0
4855,-999,0
4856,-999,0
4857,-999,0
4858,-999,0
4859,-999,0
4860,-999,0
4861,-999,0
4862,-999,0
4863,-999,0
4864,-999,0
4865,-999,0
4866,-999,0
4867,-999,0
4868,-999,0
4869,-999,0
4870,-999,0
4871,-999,0
4872,-999,0
4873,-999,0
4874,-999,0
4875,-999,0
4876,-999,0
4877,-999,0
4878,-999,0
4879,-999,0
4880,-999,0
4881,-999,0
4882,-999,0
4883,-999,0
4884,-999,0
4885,-999,0
4886,-999,0
4887,-999,0
4888,-999,0
4889,-999,0
4890,-999,0
4891,-999,0
4892,-999,0
4893,-999,0
4894,-999,0
4895,-999,0
4896,-999,0
4897,-999,0
4898,-999,0
4899,-999,0
4900,-999,0
4901,-999,0
4902,-999,0
4903,-999,0
4904,-999,0
4905,-999,0
4906,-999,0
4907,-999,0
4908,-999,0
4909,-999,0
4910,-999,0
4911,-999,0
4912,-999,0
4913,-999,0
4914,-999,0
4915,-999,0
4916,-999,0
4917,-999,0
4918,-999,0
4919,-999,0
4920,-999,0
4921,-999,0
4922,-999,0
4923,-999,0
4924,-999,0
4925,-999,0
4926,-999,0
4927,-999,0
4928,-999,0
4929,-999,0
4930,-999,0
4931,-999,0
4932,5.454545455,0
4933,12.85714286,0
4934,12.85714286,0
4935,12.85714286,0
4936,12.85714286,0
4937,12.85714286,0
4938,12.85714286,0
4939,12.85714286,0
4940,12.85714286,0
4941,12.85714286,0
4942,12,0
4943,12,0
4944,11.25,0
4945,12,0
4946,12.85714286,0
4947,12.85714286,0
4948,12.85714286,0
4949,12.85714286,0
4950,12.85714286,0
4951,12,0
4952,11.25,0
4953,11.25,0
4954,11.25,0
4955,12.85714286,0
4956,12.85714286,0
4957,12,0
4958,12.85714286,0
4959,10.58823529,0
4960,10.58823529,0
4961,12.85714286,0
4962,11.25,0
4963,20,0
4964,12.85714286,0
4965,11.25,0
4966,12,0
4967,12,0
4968,13.84615385,0
4969,11.25,0
4970,12.85714286,0
4971,12,0
4972,10,0
4973,12,0
4974,12,0
4975,12,0
4976,12,0
4977,12,0
4978,20,0
4979,11.25,0
4980,12,0
4981,11.25,0
4982,11.25,0
4983,11.25,0
4984,20,0
4985,18,0
4986,20,0
4987,12.85714286,0
4988,16.36363636,0
4989,11.25,0
4990,15,0
4991,12,0
4992,12.85714286,0
4993,13.84615385,0
4994,12,0
4995,20,0
4996,11.25,0
4997,11.25,0
4998,10.58823529,0
4999,15,0
5000,10,0
5001,11.25,0
5002,9,0
5003,12,0
5004,10,0
5005,12,0
5006,10.58823529,0
5007,11.25,0
5008,11.25,0
5009,11.25,0
5010,11.25,0
5011,12,0
5012,11.25,0
5013,11.25,0
5014,11.25,0
5015,12,0
5016,12,0
5017,12,0
5018,12,0
5019,13.84615385,0
5020,12.85714286,0
5021,10.58823529,0
5022,12.85714286,0
5023,10,0
5024,12.85714286,0
5025,12.85714286,0
5026,9.473684211,0
5027,11.25,0
5028,12.85714286,0
5029,12.85714286,0
5030,12.85714286,0
5031,12,0
5032,12,0
5033,13.84615385,0
5034,12,0
5035,12,0
5036,12,0
5037,13.84615385,0
5038,13.84615385,0
5039,20,0
5040,12.85714286,0
5041,12,0
5042,12,0
5043,12,0
5044,12,0
5045,13.84615385,0
5046,12.85714286,0
5047,9,0
5048,11.25,0
5049,15,0
5050,11.25,0
5051,11.25,0
5052,11.25,0
5053,10.58823529,0
5054,12,0
5055,12.85714286,0
5056,10.58823529,0
5057,11.25,0
5058,12,0
5059,12,0
5060,10.58823529,0
5061,11.25,0
5062,12.85714286,0
5063,12,0
5064,12,0
5065,12,0
5066,11.25,0
5067,12,0
5068,12,0
5069,12.85714286,0
5070,12,0
5071,12,0
5072,10.58823529,0
5073,9,0
5074,10.58823529,0
5075,10.58823529,0
5076,10.58823529,0
5077,10.58823529,0
5078,12,0
5079,11.25,0
5080,12,0
5081,10.58823529,0
5082,11.25,0
5083,12,0
5084,11.25,0
5085,12,0
5086,11.25,0
5087,11.25,0
5088,11.25,0
5089,11.25,0
5090,11.25,0
5091,10.58823529,0
5092,12,0
5093,10.58823529,0
5094,20,0
5095,11.25,0
5096,11.25,0
5097,12.85714286,0
5098,11.25,0
5099,11.25,0
5100,12,0
5101,12,0
5102,10.58823529,0
5103,11.25,0
5104,11.25,0
5105,11.25,0
5106,10.58823529,0
5107,11.25,0
5108,12,0
5109,11.25,0
5110,12,0
5111,11.25,0
5112,11.25,0
5113,12.85714286,0
5114,12,0
5115,12,0
5116,10.58823529,0
5117,12,0
5118,10.58823529,0
5119,10.58823529,0
5120,12,0
5121,11.25,0
5122,10.58823529,0
5123,10.58823529,0
5124,12,0
5125,10.58823529,0
5126,11.25,0
5127,12.85714286,0
5128,12,0
5129,12,0
5130,12,0
5131,12,0
5132,10.58823529,0
5133,12,0
5134,12,0
5135,11.25,0
5136,11.25,0
5137,12,0
5138,11.25,0
5139,12,0
5140,12,0
5141,12,0
5142,12.85714286,0
5143,11.25,0
5144,10.58823529,0
5145,11.25,0
5146,10.58823529,0
5147,11.25,0
5148,10.58823529,0
5149,11.25,0
5150,11.25,0
5151,-999,0
5152,19.66666667,0
5153,10.58823529,0
5154,12,0
5155,11.25,0
5156,11.25,0
5157,9.473684211,0
5158,18,0
5159,12.85714286,0
5160,10.58823529,0
5161,10,0
5162,15,0
5163,18,0
5164,10,0
5165,11.25,0
5166,18,0
5167,9.473684211,0
5168,11.25,0
5169,20,0
5170,11.25,0
5171,12,0
5172,10.58823529,0
5173,11.25,0
5174,11.25,0
5175,11.25,0
5176,20,0
5177,12,0
5178,12,0
5179,12.85714286,0
5180,12.85714286,0
5181,11.25,0
5182,10,0
5183,11.25,0
5184,11.25,0
5185,18,0
5186,12.85714286,0
5187,12,0
5188,16.36363636,0
5189,8.571428571,0
5190,12.85714286,0
5191,12.85714286,0
5192,12,0
5193,12,0
5194,12.85714286,0
5195,12.85714286,0
5196,12,0
5197,9.473684211,0
5198,11.25,0
5199,20,0
5200,11.25,0
5201,10.58823529,0
5202,12,0
5203,11.25,0
5204,12,0
5205,12,0
5206,11.25,0
5207,12,0
5208,12,0
5209,10.58823529,0
5210,20,0
5211,12,0
5212,12,0
5213,12,0
5214,12,0
5215,20,0
5216,12.85714286,0
5217,13.84615385,0
5218,12,0
5219,10.58823529,0
5220,11.25,0
5221,9.473684211,0
5222,20,0
5223,20,0
5224,10.58823529,0
5225,12,0
5226,12.85714286,0
5227,15,0
5228,12.85714286,0
5229,10,0
5230,20,0
5231,12,0
5232,12.85714286,0
5233,16.36363636,0
5234,9,0
5235,-999,0
5236,-999,0
5237,-999,0
5238,-999,0
5239,-999,0
5240,-999,0
5241,-999,0
5242,-999,0
5243,-999,0
5244,-999,0
5245,-999,0
5246,-999,0
5247,-999,0
5248,-999,0
5249,-999,0
5250,-999,0
5251,-999,0
5252,-999,0
5253,-999,0
5254,-999,0
5255,-999,0
5256,-999,0
5257,-999,0
5258,-999,0
5259,-999,0
5260,-999,0
5261,-999,0
5262,-999,0
5263,-999,0
5264,-999,0
5265,-999,0
5266,-999,0
5267,-999,0
5268,-999,0
5269,-999,0
5270,-999,0
5271,-999,0
5272,-999,0
5273,-999,0
5274,-999,0
5275,-999,0
5276,-999,0
5277,-999,0
5278,-999,0
5279,-999,0
5280,-999,0
5281,-999,0
5282,-999,0
5283,6.428571429,0
5284,7.5,0
5285,6.666666667,0
5286,5.806451613,0
5287,7.2,0
5288,7.826086957,0
5289,12.85714286,0
5290,9.473684211,0
5291,16.36363636,0
5292,6.666666667,0
5293,7.826086957,0
5294,7.826086957,0
5295,7.5,0
5296,7.5,0
5297,10,0
5298,12.85714286,0
5299,10,0
5300,7.2,0
5301,7.5,0
5302,7.826086957,0
5303,12.85714286,0
5304,13.84615385,0
5305,13.84615385,0
5306,6.923076923,0
5307,8.571428571,0
5308,7.5,0
5309,7.826086957,0
5310,9,0
5311,6.206896552,0
5312,7.5,0
5313,10,0
5314,6.923076923,0
5315,8.181818182,0
5316,8.571428571,0
5317,7.5,0
5318,18,0
5319,10,0
5320,9.473684211,0
5321,10.58823529,0
5322,10,0
5323,9.473684211,0
5324,9,0
5325,10.58823529,0
5326,9.473684211,0
5327,10.58823529,0
5328,9,0
5329,10,0
5330,10.58823529,0
5331,7.5,0
5332,7.5,0
5333,7.5,0
5334,7.826086957,0
5335,7.826086957,0
5336,7.826086957,0
5337,7.826086957,0
5338,8.181818182,0
5339,7.826086957,0
5340,7.826086957,0
5341,8.181818182,0
5342,7.826086957,0
5343,6.206896552,0
5344,6.206896552,0
5345,5.625,0
5346,5.806451613,0
5347,6,0
5348,6.206896552,0
5349,6,0
5350,6.923076923,0
5351,6.428571429,0
5352,6.666666667,0
5353,6.923076923,0
5354,6.923076923,0
5355,6.666666667,0
5356,6.923076923,0
5357,6.666666667,0
5358,7.2,0
5359,6.428571429,0
5360,7.2,0
5361,7.5,0
5362,6.923076923,0
5363,6.923076923,0
5364,6.666666667,0
5365,6.923076923,0
5366,7.5,0
5367,6.923076923,0
5368,6.923076923,0
5369,7.826086957,0
5370,8.181818182,0
5371,6.923076923,0
5372,7.5,0
5373,6.923076923,0
5374,7.5,0
5375,7.5,0
5376,7.5,0
5377,7.5,0
5378,7.5,0
5379,13.84615385,0
5380,11.25,0
5381,12.85714286,0
5382,6.206896552,0
5383,16.36363636,0
5384,12,0
5385,12.85714286,0
5386,12.85714286,0
5387,12.85714286,0
5388,13.84615385,0
5389,12.85714286,0
5390,12.85714286,0
5391,12,0
5392,12.85714286,0
5393,16.36363636,0
5394,5.454545455,0
5395,5.294117647,0
5396,5.454545455,0
5397,5.454545455,0
5398,12.85714286,0
5399,12.85714286,0
5400,13.84615385,0
5401,12.85714286,0
5402,12.85714286,0
5403,12.85714286,0
5404,12.85714286,0
5405,13.84615385,0
5406,13.84615385,0
5407,12.85714286,0
5408,12.85714286,0
5409,12.85714286,0
5410,12.85714286,0
5411,13.84615385,0
5412,13.84615385,0
5413,13.84615385,0
5414,13.84615385,0
5415,13.84615385,0
5416,12.85714286,0
5417,12.85714286,0
5418,12.85714286,0
5419,13.84615385,0
5420,15,0
5421,12.85714286,0
5422,12.85714286,0
5423,12.85714286,0
5424,12.85714286,0
5425,13.84615385,0
5426,12,0
5427,-999,0
5428,-999,0
5429,-999,0
5430,-999,0
5431,-999,0
5432,-999,0
5433,-999,0
5434,-999,0
5435,-999,0
5436,-999,0
5437,-999,0
5438,-999,0
5439,-999,0
5440,-999,0
5441,-999,0
5442,-999,0
5443,-999,0
5444,-999,0
5445,-999,0
5446,-999,0
5447,-999,0
5448,-999,0
5449,-999,0
5450,-999,0
5451,-999,0
5452,-999,0
5453,-999,0
5454,-999,0
5455,-999,0
5456,-999,0
5457,-999,0
5458,-999,0
5459,-999,0
5460,-999,0
5461,-999,0
5462,-999,0
5463,-999,0
5464,-999,0
5465,-999,0
5466,-999,0
5467,-999,0
5468,-999,0
5469,-999,0
5470,-999,0
5471,-999,0
5472,-999,0
5473,-999,0
5474,-999,0
5475,-999,0
5476,-999,0
5477,-999,0
5478,-999,0
5479,-999,0
5480,-999,0
5481,-999,0
5482,-999,0
5483,-999,0
5484,-999,0
5485,-999,0
5486,-999,0
5487,-999,0
5488,-999,0
5489,-999,0
5490,-999,0
5491,-999,0
5492,-999,0
5493,-999,0
5494,-999,0
5495,-999,0
5496,-999,0
5497,-999,0
5498,-999,0
5499,-999,0
5500,-999,0
5501,-999,0
5502,-999,0
5503,-999,0
5504,-999,0
5505,-999,0
5506,-999,0
5507,-999,0
5508,-999,0
5509,-999,0
5510,-999,0
5511,-999,0
5512,-999,0
5513,-999,0
5514,-999,0
5515,-999,0
5516,-999,0
5517,-999,0
5518,-999,0
5519,-999,0
5520,-999,0
5521,-999,0
5522,-999,0
5523,-999,0
5524,-999,0
5525,-999,0
5526,-999,0
5527,-999,0
5528,-999,0
5529,-999,0
5530,-999,0
5531,-999,0
5532,-999,0
5533,-999,0
5534,-999,0
5535,-999,0
5536,-999,0
5537,-999,0
5538,-999,0
5539,-999,0
5540,-999,0
5541,-999,0
5542,-999,0
5543,-999,0
5544,-999,0
5545,-999,0
5546,-999,0
5547,-999,0
5548,-999,0
5549,-999,0
5550,-999,0
5551,-999,0
5552,-999,0
5553,-999,0
5554,-999,0
5555,-999,0
5556,-999,0
5557,-999,0
5558,-999,0
5559,-999,0
5560,-999,0
5561,-999,0
5562,-999,0
5563,-999,0
5564,-999,0
5565,-999,0
5566,-999,0
5567,-999,0
5568,-999,0
5569,-999,0
5570,-999,0
5571,-999,0
5572,-999,0
5573,-999,0
5574,-999,0
5575,-999,0
5576,-999,0
5577,-999,0
5578,-999,0
5579,-999,0
5580,-999,0
5581,-999,0
5582,-999,0
5583,-999,0
5584,-999,0
5585,-999,0
5586,-999,0
5587,-999,0
5588,-999,0
5589,-999,0
5590,-999,0
5591,-999,0
5592,-999,0
5593,-999,0
5594,-999,0
5595,-999,0
5596,-999,0
5597,-999,0
5598,-999,0
5599,-999,0
5600,-999,0
5601,-999,0
5602,-999,0
5603,-999,0
5604,-999,0
5605,-999,0
5606,-999,0
5607,-999,0
5608,-999,0
5609,-999,0
5610,-999,0
5611,-999,0
5612,-999,0
5613,-999,0
5614,-999,0
5615,-999,0
5616,-999,0
5617,-999,0
5618,-999,0
5619,-999,0
5620,-999,0
5621,-999,0
5622,-999,0
5623,-999,0
5624,-999,0
5625,-999,0
5626,-999,0
5627,-999,0
5628,-999,0
5629,-999,0
5630,-999,0
5631,-999,0
5632,-999,0
5633,-999,0
5634,-999,0
5635,-999,0
5636,-999,0
5637,-999,0
5638,-999,0
5639,-999,0
5640,-999,0
5641,-999,0
5642,-999,0
5643,-999,0
5644,-999,0
5645,-999,0
5646,-999,0
5647,-999,0
5648,-999,0
5649,-999,0
5650,-999,0
5651,-999,0
5652,-999,0
5653,-999,0
5654,-999,0
5655,-999,0
5656,-999,0
5657,-999,0
5658,-999,0
5659,-999,0
5660,-999,0
5661,-999,0
5662,-999,0
5663,-999,0
5664,-999,0
5665,-999,0
5666,-999,0
5667,-999,0
5668,-999,0
5669,-999,0
5670,-999,0
5671,-999,0
5672,-999,0
5673,-999,0
5674,-999,0
5675,-999,0
5676,-999,0
5677,-999,0
5678,-999,0
5679,-999,0
5680,-999,0
5681,-999,0
5682,-999,0
5683,-999,0
5684,-999,0
5685,-999,0
5686,-999,0
5687,-999,0
5688,-999,0
5689,-999,0
5690,-999,0
5691,-999,0
5692,-999,0
5693,-999,0
5694,-999,0
5695,-999,0
5696,-999,0
5697,-999,0
5698,-999,0
5699,-999,0
5700,-999,0
5701,-999,0
5702,-999,0
5703,-999,0
5704,-999,0
5705,-999,0
5706,-999,0
5707,-999,0
5708,-999,0
5709,-999,0
5710,-999,0
5711,-999,0
5712,-999,0
5713,-999,0
5714,-999,0
5715,-999,0
5716,-999,0
5717,-999,0
5718,-999,0
5719,-999,0
5720,-999,0
5721,-999,0
5722,-999,0
5723,-999,0
5724,-999,0
5725,-999,0
5726,-999,0
5727,-999,0
5728,-999,0
5729,-999,0
5730,-999,0
5731,-999,0
5732,-999,0
5733,-999,0
5734,-999,0
5735,-999,0
5736,-999,0
5737,-999,0
5738,-999,0
5739,-999,0
5740,-999,0
5741,-999,0
5742,-999,0
5743,-999,0
5744,-999,0
5745,-999,0
5746,-999,0
5747,-999,0
5748,-999,0
5749,-999,0
5750,-999,0
5751,-999,0
5752,-999,0
5753,-999,0
5754,-999,0
5755,-999,0
5756,-999,0
5757,-999,0
5758,-999,0
5759,-999,0
5760,-999,0
5761,-999,0
5762,-999,0
5763,-999,0
5764,-999,0
5765,-999,0
5766,-999,0
5767,-999,0
5768,-999,0
5769,-999,0
5770,-999,0
5771,-999,0
5772,-999,0
5773,-999,0
5774,-999,0
5775,-999,0
5776,-999,0
5777,-999,0
5778,-999,0
5779,-999,0
5780,-999,0
5781,-999,0
5782,-999,0
5783,-999,0
5784,-999,0
5785,-999,0
5786,-999,0
5787,-999,0
5788,-999,0
5789,-999,0
5790,-999,0
5791,-999,0
5792,-999,0
5793,-999,0
5794,-999,0
5795,-999,0
5796,-999,0
5797,-999,0
5798,-999,0
5799,-999,0
5800,-999,0
5801,-999,0
5802,-999,0
5803,-999,0
5804,-999,0
5805,-999,0
5806,-999,0
5807,-999,0
5808,-999,0
5809,-999,0
5810,-999,0
5811,9,0
5812,8.181818182,0
5813,9.473684211,0
5814,8.571428571,0
5815,8.181818182,0
5816,8.181818182,0
5817,9,0
5818,8.571428571,0
5819,9,0
5820,9.473684211,0
5821,9.473684211,0
5822,10,0
5823,10,0
5824,10,0
5825,10.58823529,0
5826,9.473684211,0
5827,10,0
5828,9.473684211,0
5829,10,0
5830,10.58823529,0
5831,10.58823529,0
5832,10.58823529,0
5833,10.58823529,0
5834,10.58823529,0
5835,9.473684211,0
5836,9.473684211,0
5837,9.473684211,0
5838,9,0
5839,8.571428571,0
5840,8.571428571,0
5841,8.181818182,0
5842,8.181818182,0
5843,9.473684211,0
5844,7.826086957,0
5845,7.5,0
5846,8.181818182,0
5847,8.571428571,0
5848,9.473684211,0
5849,9.473684211,0
5850,10,0
5851,9.473684211,0
5852,9.473684211,0
5853,9.473684211,0
5854,10,0
5855,9.473684211,0
5856,9,0
5857,8.571428571,0
5858,9,0
5859,10,0
5860,10,0
5861,9,0
5862,9,0
5863,7.826086957,0
5864,8.571428571,0
5865,7.2,0
5866,8.571428571,0
5867,8.571428571,0
5868,8.571428571,0
5869,8.181818182,0
5870,8.571428571,0
5871,8.181818182,0
5872,7.5,0
5873,10,0
5874,7.5,0
5875,8.571428571,0
5876,7.826086957,0
5877,9,0
5878,7.5,0
5879,7.826086957,0
5880,7.826086957,0
5881,8.571428571,0
5882,8.571428571,0
5883,7.2,0
5884,8.571428571,0
5885,9.473684211,0
5886,7.826086957,0
5887,7.826086957,0
5888,7.826086957,0
5889,9,0
5890,8.571428571,0
5891,9.473684211,0
5892,9.473684211,0
5893,8.181818182,0
5894,7.826086957,0
5895,6.666666667,0
5896,7.5,0
5897,6.666666667,0
5898,6.666666667,0
5899,8.571428571,0
5900,7.826086957,0
5901,7.826086957,0
5902,8.181818182,0
5903,9,0
5904,7.826086957,0
5905,8.181818182,0
5906,9,0
5907,9,0
5908,8.571428571,0
5909,9,0
5910,9.473684211,0
5911,9,0
5912,9,0
5913,7.5,0
5914,9,0
5915,10,0
5916,8.181818182,0
5917,8.571428571,0
5918,8.571428571,0
5919,7.826086957,0
5920,7.826086957,0
5921,9.473684211,0
5922,9.473684211,0
5923,8.571428571,0
5924,9,0
5925,9.473684211,0
5926,9.473684211,0
5927,9,0
5928,9,0
5929,9,0
5930,9,0
5931,10.58823529,0
5932,9.473684211,0
5933,8.571428571,0
5934,9.473684211,0
5935,8.181818182,0
5936,7.826086957,0
5937,6.206896552,0
5938,7.2,0
5939,7.5,0
5940,7.826086957,0
5941,7.826086957,0
5942,9,0
5943,7.826086957,0
5944,6.923076923,0
5945,7.5,0
5946,7.5,0
5947,7.826086957,0
5948,8.181818182,0
5949,9.473684211,0
5950,6.428571429,0
5951,7.5,0
5952,7.826086957,0
5953,8.571428571,0
5954,7.826086957,0
5955,6.428571429,0
5956,8.571428571,0
5957,7.826086957,0
5958,7.826086957,0
5959,8.181818182,0
5960,7.2,0
5961,7.826086957,0
5962,7.826086957,0
5963,9,0
5964,9.473684211,0
5965,9.473684211,0
5966,8.181818182,0
5967,8.571428571,0
5968,7.826086957,0
5969,7.826086957,0
5970,7.826086957,0
5971,7.826086957,0
5972,8.571428571,0
5973,7.826086957,0
5974,8.181818182,0
5975,9.473684211,0
5976,8.571428571,0
5977,9.473684211,0
5978,10,0
5979,18,0
5980,16.36363636,0
5981,7.5,0
5982,7.826086957,0
5983,7.5,0
5984,6.666666667,0
5985,6.923076923,0
5986,16.36363636,0
5987,16.36363636,0
5988,16.36363636,0
5989,7.5,0
5990,6.923076923,0
5991,16.36363636,0
5992,7.826086957,0
5993,8.181818182,0
5994,7.5,0
5995,15,0
5996,15,0
5997,15,0
5998,15,0
5999,15,0
6000,15,0
6001,7.826086957,0
6002,15,0
6003,15,0
6004,15,0
6005,8.181818182,0
6006,7.5,0
6007,7.826086957,0
6008,7.5,0
6009,7.5,0
6010,13.84615385,0
6011,15,0
6012,13.84615385,0
6013,13.84615385,0
6014,13.84615385,0
6015,12.85714286,0
6016,7.826086957,0
6017,8.571428571,0
6018,12.85714286,0
6019,7.826086957,0
6020,12.85714286,0
6021,12.85714286,0
6022,12.85714286,0
6023,7.826086957,0
6024,7.5,0
6025,13.84615385,0
6026,7.5,0
6027,15,0
6028,6.666666667,0
6029,6.666666667,0
6030,7.826086957,0
6031,7.826086957,0
6032,7.826086957,0
6033,7.5,0
6034,12.85714286,0
6035,12.85714286,0
6036,7.2,0
6037,7.5,0
6038,7.826086957,0
6039,12.85714286,0
6040,12.85714286,0
6041,12.85714286,0
6042,8.181818182,0
6043,8.181818182,0
6044,7.5,0
6045,12,0
6046,7.5,0
6047,7.5,0
6048,7.826086957,0
6049,7.2,0
6050,7.2,0
6051,7.826086957,0
6052,7.5,0
6053,8.571428571,0
6054,9.473684211,0
6055,7.826086957,0
6056,10.58823529,0
6057,10,0
6058,8.181818182,0
6059,8.181818182,0
6060,8.181818182,0
6061,8.571428571,0
6062,11.25,0
6063,8.181818182,0
6064,10,0
6065,10,0
6066,9.473684211,0
6067,8.571428571,0
6068,8.181818182,0
6069,11.25,0
6070,10,0
6071,11.25,0
6072,-999,0
6073,9.92,0
6074,8.571428571,0
6075,8.571428571,0
6076,8.571428571,0
6077,12.85714286,0
6078,9,0
6079,8.181818182,0
6080,9,0
6081,9.473684211,0
6082,8.181818182,0
6083,8.571428571,0
6084,9.473684211,0
6085,11.25,0
6086,8.181818182,0
6087,7.826086957,0
6088,7.826086957,0
6089,7.826086957,0
6090,8.181818182,0
6091,7.826086957,0
6092,8.571428571,0
6093,8.571428571,0
6094,7.2,0
6095,8.181818182,0
6096,7.826086957,0
6097,9.473684211,0
6098,9,0
6099,9.473684211,0
6100,10,0
6101,10.58823529,0
6102,10.58823529,0
6103,10.58823529,0
6104,10,0
6105,11.25,0
6106,12,0
6107,12,0
6108,10,0
6109,10.58823529,0
6110,10,0
6111,11.25,0
6112,10,0
6113,10.58823529,0
6114,10,0
6115,18,0
6116,8.571428571,0
6117,9.473684211,0
6118,9.473684211,0
6119,8.571428571,0
6120,8.571428571,0
6121,7.5,0
6122,8.181818182,0
6123,7.826086957,0
6124,8.181818182,0
6125,8.181818182,0
6126,8.181818182,0
6127,8.181818182,0
6128,8.181818182,0
6129,9,0
6130,9,0
6131,7.826086957,0
6132,8.571428571,0
6133,8.571428571,0
6134,8.181818182,0
6135,9,0
6136,9.473684211,0
6137,9.473684211,0
6138,9.473684211,0
6139,9.473684211,0
6140,8.181818182,0
6141,7.2,0
6142,7.826086957,0
6143,7.5,0
6144,11.25,0
6145,11.25,0
6146,11.25,0
6147,11.25,0
6148,11.25,0
6149,10.58823529,0
6150,11.25,0
6151,10.58823529,0
6152,11.25,0
6153,11.25,0
6154,10.58823529,0
6155,11.25,0
6156,11.25,0
6157,11.25,0
6158,11.25,0
6159,11.25,0
6160,11.25,0
6161,12,0
6162,11.25,0
6163,12,0
6164,12,0
6165,12,0
6166,12.85714286,0
6167,12,0
6168,12,0
6169,12,0
6170,12,0
6171,11.25,0
6172,11.25,0
6173,11.25,0
6174,11.25,0
6175,11.25,0
6176,10,0
6177,10.58823529,0
6178,10,0
6179,8.181818182,0
6180,-999,0
6181,-999,0
6182,-999,0
6183,-999,0
6184,-999,0
6185,-999,0
6186,-999,0
6187,-999,0
6188,-999,0
6189,-999,0
6190,-999,0
6191,-999,0
6192,-999,0
6193,-999,0
6194,-999,0
6195,-999,0
6196,-999,0
6197,-999,0
6198,-999,0
6199,-999,0
6200,-999,0
6201,-999,0
6202,-999,0
6203,-999,0
6204,-999,0
6205,-999,0
6206,-999,0
6207,-999,0
6208,-999,0
6209,-999,0
6210,-999,0
6211,-999,0
6212,-999,0
6213,-999,0
6214,-999,0
6215,-999,0
6216,-999,0
6217,-999,0
6218,-999,0
6219,-999,0
6220,-999,0
6221,-999,0
6222,-999,0
6223,-999,0
6224,-999,0
6225,-999,0
6226,-999,0
6227,-999,0
6228,-999,0
6229,-999,0
6230,-999,0
6231,-999,0
6232,-999,0
6233,-999,0
6234,-999,0
6235,-999,0
6236,-999,0
6237,-999,0
6238,-999,0
6239,-999,0
6240,-999,0
6241,-999,0
6242,-999,0
6243,-999,0
6244,-999,0
6245,-999,0
6246,-999,0
6247,-999,0
6248,-999,0
6249,-999,0
6250,-999,0
6251,-999,0
6252,-999,0
6253,-999,0
6254,-999,0
6255,-999,0
6256,-999,0
6257,-999,0
6258,-999,0
6259,-999,0
6260,-999,0
6261,-999,0
6262,-999,0
6263,-999,0
6264,-999,0
6265,-999,0
6266,-999,0
6267,-999,0
6268,-999,0
6269,-999,0
6270,-999,0
6271,-999,0
6272,-999,0
6273,-999,0
6274,-999,0
6275,-999,0
6276,-999,0
6277,-999,0
6278,-999,0
6279,-999,0
6280,-999,0
6281,-999,0
6282,-999,0
6283,-999,0
6284,-999,0
6285,-999,0
6286,-999,0
6287,-999,0
6288,-999,0
6289,-999,0
6290,-999,0
6291,-999,0
6292,-999,0
6293,-999,0
6294,-999,0
6295,-999,0
6296,-999,0
6297,-999,0
6298,-999,0
6299,-999,0
6300,-999,0
6301,-999,0
6302,-999,0
6303,-999,0
6304,-999,0
6305,-999,0
6306,-999,0
6307,-999,0
6308,-999,0
6309,-999,0
6310,-999,0
6311,-999,0
6312,-999,0
6313,-999,0
6314,-999,0
6315,-999,0
6316,-999,0
6317,-999,0
6318,-999,0
6319,-999,0
6320,-999,0
6321,-999,0
6322,-999,0
6323,-999,0
6324,-999,0
6325,-999,0
6326,-999,0
6327,-999,0
6328,-999,0
6329,-999,0
6330,-999,0
6331,-999,0
6332,-999,0
6333,-999,0
6334,-999,0
6335,-999,0
6336,-999,0
6337,-999,0
6338,-999,0
6339,-999,0
6340,-999,0
6341,-999,0
6342,-999,0
6343,-999,0
6344,-999,0
6345,-999,0
6346,-999,0
6347,-999,0
6348,-999,0
6349,-999,0
6350,-999,0
6351,-999,0
6352,-999,0
6353,-999,0
6354,-999,0
6355,-999,0
6356,-999,0
6357,-999,0
6358,-999,0
6359,-999,0
6360,-999,0
6361,-999,0
6362,-999,0
6363,-999,0
6364,-999,0
6365,-999,0
6366,-999,0
6367,-999,0
6368,-999,0
6369,-999,0
6370,-999,0
6371,-999,0
6372,-999,0
6373,-999,0
6374,-999,0
6375,-999,0
6376,-999,0
6377,-999,0
6378,-999,0
6379,-999,0
6380,-999,0
6381,-999,0
6382,-999,0
6383,-999,0
6384,-999,0
6385,-999,0
6386,-999,0
6387,-999,0
6388,-999,0
6389,-999,0
6390,-999,0
6391,-999,0
6392,-999,0
6393,-999,0
6394,-999,0
6395,-999,0
6396,-999,0
6397,-999,0
6398,-999,0
6399,-999,0
6400,-999,0
6401,-999,0
6402,-999,0
6403,-999,0
6404,-999,0
6405,-999,0
6406,-999,0
6407,-999,0
6408,-999,0
6409,-999,0
6410,-999,0
6411,-999,0
6412,-999,0
6413,-999,0
6414,-999,0
6415,-999,0
6416,-999,0
6417,-999,0
6418,-999,0
6419,-999,0
6420,-999,0
6421,-999,0
6422,-999,0
6423,-999,0
6424,-999,0
6425,-999,0
6426,-999,0
6427,-999,0
6428,-999,0
6429,-999,0
6430,-999,0
6431,-999,0
6432,-999,0
6433,-999,0
6434,-999,0
6435,-999,0
6436,-999,0
6437,-999,0
6438,-999,0
6439,-999,0
6440,-999,0
6441,-999,0
6442,-999,0
6443,-999,0
6444,-999,0
6445,-999,0
6446,-999,0
6447,-999,0
6448,-999,0
6449,-999,0
6450,-999,0
6451,-999,0
6452,-999,0
6453,-999,0
6454,-999,0
6455,-999,0
6456,-999,0
6457,-999,0
6458,-999,0
6459,-999,0
6460,-999,0
6461,-999,0
6462,-999,0
6463,-999,0
6464,-999,0
6465,-999,0
6466,-999,0
6467,-999,0
6468,-999,0
6469,-999,0
6470,-999,0
6471,-999,0
6472,-999,0
6473,-999,0
6474,6.428571429,0
6475,11.25,0
6476,11.25,0
6477,11.25,0
6478,11.25,0
6479,12,0
6480,12,0
6481,12,0
6482,6,0
6483,5.454545455,0
6484,6,0
6485,11.25,0
6486,6.206896552,0
6487,12,0
6488,5.454545455,0
6489,11.25,0
6490,6.206896552,0
6491,5.806451613,0
6492,5.454545455,0
6493,5.806451613,0
6494,6,0
6495,11.25,0
6496,6,0
6497,5.294117647,0
6498,5.625,0
6499,5.625,0
6500,6,0
6501,5.625,0
6502,5.625,0
6503,6.206896552,0
6504,6,0
6505,6,0
6506,5.454545455,0
6507,6.428571429,0
6508,6.923076923,0
6509,6.666666667,0
6510,7.2,0
6511,5.454545455,0
6512,6.666666667,0
6513,6.923076923,0
6514,6.428571429,0
6515,6.428571429,0
6516,6,0
6517,8.181818182,0
6518,5.806451613,0
6519,7.2,0
6520,8.181818182,0
6521,9,0
6522,5.625,0
6523,9,0
6524,5.806451613,0
6525,10,0
6526,10.58823529,0
6527,5.294117647,0
6528,9.473684211,0
6529,10.58823529,0
6530,9,0
6531,9.473684211,0
6532,9.473684211,0
6533,10,0
6534,8.571428571,0
6535,8.571428571,0
6536,8.181818182,0
6537,8.181818182,0
6538,7.826086957,0
6539,8.181818182,0
6540,8.181818182,0
6541,8.571428571,0
6542,9.473684211,0
6543,9,0
6544,9,0
6545,9,0
6546,8.181818182,0
6547,7.5,0
6548,7.2,0
6549,9,0
6550,9.473684211,0
6551,8.571428571,0
6552,8.571428571,0
6553,8.181818182,0
6554,8.181818182,0
6555,7.5,0
6556,8.181818182,0
6557,7.826086957,0
6558,8.571428571,0
6559,8.181818182,0
6560,9,0
6561,7.5,0
6562,9.473684211,0
6563,9,0
6564,9,0
6565,9,0
6566,8.571428571,0
6567,8.181818182,0
6568,8.571428571,0
6569,8.571428571,0
6570,9,0
6571,9,0
6572,9,0
6573,9.473684211,0
6574,9,0
6575,8.571428571,0
6576,8.181818182,0
6577,8.181818182,0
6578,9,0
6579,-999,0
6580,-999,0
6581,-999,0
6582,-999,0
6583,-999,0
6584,-999,0
6585,-999,0
6586,-999,0
6587,-999,0
6588,-999,0
6589,-999,0
6590,-999,0
6591,-999,0
6592,-999,0
6593,-999,0
6594,-999,0
6595,-999,0
6596,-999,0
6597,-999,0
6598,-999,0
6599,-999,0
6600,-999,0
6601,-999,0
6602,-999,0
6603,-999,0
6604,-999,0
6605,-999,0
6606,-999,0
6607,-999,0
6608,-999,0
6609,-999,0
6610,-999,0
6611,-999,0
6612,-999,0
6613,-999,0
6614,-999,0
6615,-999,0
6616,-999,0
6617,-999,0
6618,-999,0
6619,-999,0
6620,-999,0
6621,-999,0
6622,-999,0
6623,-999,0
6624,-999,0
6625,-999,0
6626,-999,0
6627,7.5,0
6628,9,0
6629,9,0
6630,10,0
6631,10,0
6632,8.181818182,0
6633,10,0
6634,8.181818182,0
6635,9,0
6636,10,0
6637,9,0
6638,10,0
6639,10,0
6640,10,0
6641,9.473684211,0
6642,10.58823529,0
6643,10.58823529,0
6644,10,0
6645,9,0
6646,9.473684211,0
6647,9.473684211,0
6648,10,0
6649,9,0
6650,9.473684211,0
6651,9,0
6652,9.473684211,0
6653,10,0
6654,10,0
6655,10.58823529,0
6656,10,0
6657,9.473684211,0
6658,9.473684211,0
6659,9.473684211,0
6660,9,0
6661,9.473684211,0
6662,9.473684211,0
6663,9.473684211,0
6664,10,0
6665,15,0
6666,9,0
6667,10,0
6668,10,0
6669,9.473684211,0
6670,10,0
6671,16.36363636,0
6672,10.58823529,0
6673,15,0
6674,16.36363636,0
6675,7.2,0
6676,7.5,0
6677,6.666666667,0
6678,7.2,0
6679,6.923076923,0
6680,7.826086957,0
6681,8.181818182,0
6682,7.2,0
6683,7.2,0
6684,7.5,0
6685,7.2,0
6686,7.826086957,0
6687,6.923076923,0
6688,6.428571429,0
6689,12.85714286,0
6690,7.5,0
6691,12.85714286,0
6692,12.85714286,0
6693,12.85714286,0
6694,12.85714286,0
6695,12.85714286,0
6696,12.85714286,0
6697,12.85714286,0
6698,12.85714286,0
6699,12.85714286,0
6700,12.85714286,0
6701,12.85714286,0
6702,12.85714286,0
6703,12.85714286,0
6704,12,0
6705,12.85714286,0
6706,7.826086957,0
6707,7.826086957,0
6708,7.826086957,0
6709,6.923076923,0
6710,6.923076923,0
6711,8.571428571,0
6712,9,0
6713,9.473684211,0
6714,10,0
6715,9,0
6716,10.58823529,0
6717,10.58823529,0
6718,10,0
6719,9.473684211,0
6720,10.58823529,0
6721,8.181818182,0
6722,8.571428571,0
6723,12.85714286,0
6724,12.85714286,0
6725,12.85714286,0
6726,15,0
6727,15,0
6728,15,0
6729,18,0
6730,15,0
6731,15,0
6732,15,0
6733,12,0
6734,15,0
6735,15,0
6736,15,0
6737,15,0
6738,16.36363636,0
6739,15,0
6740,15,0
6741,13.84615385,0
6742,16.36363636,0
6743,13.84615385,0
6744,11.25,0
6745,15,0
6746,16.36363636,0
6747,16.36363636,0
6748,11.25,0
6749,16.36363636,0
6750,16.36363636,0
6751,16.36363636,0
6752,13.84615385,0
6753,15,0
6754,13.84615385,0
6755,16.36363636,0
6756,12,0
6757,15,0
6758,18,0
6759,16.36363636,0
6760,12,0
6761,13.84615385,0
6762,15,0
6763,18,0
6764,13.84615385,0
6765,12,0
6766,15,0
6767,6.666666667,0
6768,5.806451613,0
6769,16.36363636,0
6770,6.428571429,0
6771,-999,0
6772,-999,0
6773,-999,0
6774,-999,0
6775,-999,0
6776,-999,0
6777,-999,0
6778,-999,0
6779,-999,0
6780,-999,0
6781,-999,0
6782,-999,0
6783,-999,0
6784,-999,0
6785,-999,0
6786,-999,0
6787,-999,0
6788,-999,0
6789,-999,0
6790,-999,0
6791,-999,0
6792,-999,0
6793,-999,0
6794,-999,0
6795,-999,0
6796,-999,0
6797,-999,0
6798,-999,0
6799,-999,0
6800,-999,0
6801,-999,0
6802,-999,0
6803,-999,0
6804,-999,0
6805,-999,0
6806,-999,0
6807,-999,0
6808,-999,0
6809,-999,0
6810,-999,0
6811,-999,0
6812,-999,0
6813,-999,0
6814,-999,0
6815,-999,0
6816,-999,0
6817,-999,0
6818,-999,0
6819,-999,0
6820,-999,0
6821,-999,0
6822,-999,0
6823,-999,0
6824,-999,0
6825,-999,0
6826,-999,0
6827,-999,0
6828,-999,0
6829,-999,0
6830,-999,0
6831,-999,0
6832,-999,0
6833,-999,0
6834,-999,0
6835,-999,0
6836,-999,0
6837,-999,0
6838,-999,0
6839,-999,0
6840,-999,0
6841,-999,0
6842,-999,0
6843,-999,0
6844,-999,0
6845,-999,0
6846,-999,0
6847,-999,0
6848,-999,0
6849,-999,0
6850,-999,0
6851,-999,0
6852,-999,0
6853,-999,0
6854,-999,0
6855,-999,0
6856,-999,0
6857,-999,0
6858,-999,0
6859,-999,0
6860,-999,0
6861,-999,0
6862,-999,0
6863,-999,0
6864,-999,0
6865,-999,0
6866,-999,0
6867,-999,0
6868,-999,0
6869,-999,0
6870,-999,0
6871,-999,0
6872,-999,0
6873,-999,0
6874,-999,0
6875,-999,0
6876,-999,0
6877,-999,0
6878,-999,0
6879,-999,0
6880,-999,0
6881,-999,0
6882,-999,0
6883,-999,0
6884,-999,0
6885,-999,0
6886,-999,0
6887,-999,0
6888,-999,0
6889,-999,0
6890,-999,0
6891,-999,0
6892,-999,0
6893,-999,0
6894,-999,0
6895,-999,0
6896,-999,0
6897,-999,0
6898,-999,0
6899,-999,0
6900,-999,0
6901,-999,0
6902,-999,0
6903,-999,0
6904,-999,0
6905,-999,0
6906,-999,0
6907,-999,0
6908,-999,0
6909,-999,0
6910,-999,0
6911,-999,0
6912,-999,0
6913,-999,0
6914,-999,0
6915,-999,0
6916,-999,0
6917,-999,0
6918,-999,0
6919,-999,0
6920,-999,0
6921,-999,0
6922,-999,0
6923,-999,0
6924,-999,0
6925,-999,0
6926,-999,0
6927,-999,0
6928,-999,0
6929,-999,0
6930,-999,0
6931,-999,0
6932,-999,0
6933,-999,0
6934,-999,0
6935,-999,0
6936,-999,0
6937,-999,0
6938,-999,0
6939,-999,0
6940,-999,0
6941,-999,0
6942,-999,0
6943,-999,0
6944,-999,0
6945,-999,0
6946,-999,0
6947,-999,0
6948,-999,0
6949,-999,0
6950,-999,0
6951,-999,0
6952,-999,0
6953,-999,0
6954,-999,0
6955,-999,0
6956,-999,0
6957,-999,0
6958,-999,0
6959,-999,0
6960,-999,0
6961,-999,0
6962,-999,0
6963,-999,0
6964,-999,0
6965,-999,0
6966,-999,0
6967,-999,0
6968,-999,0
6969,-999,0
6970,-999,0
6971,-999,0
6972,-999,0
6973,-999,0
6974,-999,0
6975,-999,0
6976,-999,0
6977,-999,0
6978,-999,0
6979,-999,0
6980,-999,0
6981,-999,0
6982,-999,0
6983,-999,0
6984,-999,0
6985,-999,0
6986,-999,0
6987,-999,0
6988,-999,0
6989,-999,0
6990,-999,0
6991,-999,0
6992,-999,0
6993,-999,0
6994,-999,0
6995,-999,0
6996,-999,0
6997,-999,0
6998,-999,0
6999,-999,0
7000,-999,0
7001,-999,0
7002,-999,0
7003,-999,0
7004,-999,0
7005,-999,0
7006,-999,0
7007,-999,0
7008,-999,0
7009,-999,0
7010,-999,0
7011,-999,0
7012,-999,0
7013,-999,0
7014,-999,0
7015,-999,0
7016,-999,0
7017,-999,0
7018,-999,0
7019,-999,0
7020,-999,0
7021,-999,0
7022,-999,0
7023,-999,0
7024,-999,0
7025,-999,0
7026,-999,0
7027,-999,0
7028,-999,0
7029,-999,0
7030,-999,0
7031,-999,0
7032,-999,0
7033,-999,0
7034,-999,0
7035,-999,0
7036,-999,0
7037,-999,0
7038,-999,0
7039,-999,0
7040,-999,0
7041,-999,0
7042,-999,0
7043,-999,0
7044,-999,0
7045,-999,0
7046,-999,0
7047,-999,0
7048,-999,0
7049,-999,0
7050,-999,0
7051,-999,0
7052,-999,0
7053,-999,0
7054,-999,0
7055,-999,0
7056,-999,0
7057,-999,0
7058,-999,0
7059,-999,0
7060,-999,0
7061,-999,0
7062,-999,0
7063,-999,0
7064,-999,0
7065,-999,0
7066,-999,0
7067,-999,0
7068,-999,0
7069,-999,0
7070,-999,0
7071,-999,0
7072,-999,0
7073,-999,0
7074,-999,0
7075,-999,0
7076,-999,0
7077,-999,0
7078,-999,0
7079,-999,0
7080,-999,0
7081,-999,0
7082,-999,0
7083,-999,0
7084,-999,0
7085,-999,0
7086,-999,0
7087,-999,0
7088,-999,0
7089,-999,0
7090,-999,0
7091,-999,0
7092,-999,0
7093,-999,0
7094,-999,0
7095,-999,0
7096,-999,0
7097,-999,0
7098,-999,0
7099,-999,0
7100,-999,0
7101,-999,0
7102,-999,0
7103,-999,0
7104,-999,0
7105,-999,0
7106,-999,0
7107,-999,0
7108,-999,0
7109,-999,0
7110,-999,0
7111,-999,0
7112,-999,0
7113,-999,0
7114,-999,0
7115,-999,0
7116,-999,0
7117,-999,0
7118,-999,0
7119,-999,0
7120,-999,0
7121,-999,0
7122,-999,0
7123,-999,0
7124,-999,0
7125,-999,0
7126,-999,0
7127,-999,0
7128,-999,0
7129,-999,0
7130,-999,0
7131,-999,0
7132,-999,0
7133,-999,0
7134,-999,0
7135,-999,0
7136,-999,0
7137,-999,0
7138,-999,0
7139,-999,0
7140,-999,0
7141,-999,0
7142,-999,0
7143,-999,0
7144,-999,0
7145,-999,0
7146,-999,0
7147,-999,0
7148,-999,0
7149,-999,0
7150,-999,0
7151,-999,0
7152,-999,0
7153,-999,0
7154,-999,0
7155,6.666666667,0
7156,6.206896552,0
7157,6.428571429,0
7158,6.923076923,0
7159,6.666666667,0
7160,9,0
7161,6.206896552,0
7162,9,0
7163,6.923076923,0
7164,7.826086957,0
7165,7.2,0
7166,7.2,0
7167,7.5,0
7168,7.826086957,0
7169,7.2,0
7170,6.666666667,0
7171,6.923076923,0
7172,6.923076923,0
7173,6.666666667,0
7174,6.428571429,0
7175,7.2,0
7176,6.666666667,0
7177,6.666666667,0
7178,6.666666667,0
7179,6.666666667,0
7180,5.625,0
7181,6,0
7182,6,0
7183,5.625,0
7184,5.294117647,0
7185,6,0
7186,5.454545455,0
7187,5.806451613,0
7188,5.625,0
7189,5.454545455,0
7190,5.454545455,0
7191,5.142857143,0
7192,8.181818182,0
7193,6.428571429,0
7194,5.625,0
7195,5.806451613,0
7196,5.806451613,0
7197,5.454545455,0
7198,6.428571429,0
7199,8.181818182,0
7200,6.428571429,0
7201,5.625,0
7202,6.923076923,0
7203,6.666666667,0
7204,7.2,0
7205,6.923076923,0
7206,5.142857143,0
7207,5.454545455,0
7208,5.454545455,0
7209,6.428571429,0
7210,6,0
7211,6.428571429,0
7212,7.2,0
7213,6.206896552,0
7214,6.428571429,0
7215,6.206896552,0
7216,6,0
7217,7.2,0
7218,5.625,0
7219,7.5,0
7220,7.826086957,0
7221,7.2,0
7222,7.5,0
7223,7.826086957,0
7224,5.806451613,0
7225,6,0
7226,7.5,0
7227,6.666666667,0
7228,6.206896552,0
7229,6.206896552,0
7230,6,0
7231,6.666666667,0
7232,6.923076923,0
7233,6.666666667,0
7234,6.666666667,0
7235,6.923076923,0
7236,6.666666667,0
7237,6.428571429,0
7238,6.428571429,0
7239,6,0
7240,7.826086957,0
7241,6.428571429,0
7242,5.625,0
7243,10,0
7244,9.473684211,0
7245,10.58823529,0
7246,10.58823529,0
7247,10.58823529,0
7248,10,0
7249,12,0
7250,11.25,0
7251,11.25,0
7252,5.625,0
7253,10,0
7254,6.428571429,0
7255,10.58823529,0
7256,6.206896552,0
7257,10,0
7258,5.806451613,0
7259,10.58823529,0
7260,10,0
7261,10.58823529,0
7262,10.58823529,0
7263,7.826086957,0
7264,10.58823529,0
7265,10.58823529,0
7266,9,0
7267,9,0
7268,9,0
7269,8.571428571,0
7270,8.181818182,0
7271,7.826086957,0
7272,9,0
7273,9.473684211,0
7274,9,0
7275,10.58823529,0
7276,9,0
7277,18,0
7278,8.181818182,0
7279,9,0
7280,10.58823529,0
7281,9.473684211,0
7282,11.25,0
7283,12.85714286,0
7284,7.5,0
7285,7.826086957,0
7286,6.923076923,0
7287,7.5,0
7288,8.181818182,0
7289,7.2,0
7290,7.2,0
7291,6.923076923,0
7292,7.5,0
7293,5.454545455,0
7294,6.666666667,0
7295,6.666666667,0
7296,6.428571429,0
7297,5.806451613,0
7298,6.428571429,0
7299,6.206896552,0
7300,5.806451613,0
7301,5.625,0
7302,6,0
7303,6,0
7304,5.625,0
7305,5.806451613,0
7306,6.428571429,0
7307,5.454545455,0
7308,16.36363636,0
7309,6,0
7310,13.84615385,0
7311,9,0
7312,16.36363636,0
7313,9,0
7314,10,0
7315,10,0
7316,6.923076923,0
7317,9,0
7318,8.181818182,0
7319,7.826086957,0
7320,7.5,0
7321,8.181818182,0
7322,9,0
7323,20,0
7324,8.181818182,0
7325,7.826086957,0
7326,8.181818182,0
7327,8.571428571,0
7328,8.181818182,0
7329,9.473684211,0
7330,8.571428571,0
7331,8.181818182,0
7332,8.571428571,0
7333,7.826086957,0
7334,7.826086957,0
7335,7.5,0
7336,7.2,0
7337,5.806451613,0
7338,6,0
7339,5.454545455,0
7340,6.206896552,0
7341,6.428571429,0
7342,6.206896552,0
7343,6.206896552,0
7344,6,0
7345,6.428571429,0
7346,6.206896552,0
7347,6,0
7348,6,0
7349,6,0
7350,6.666666667,0
7351,8.571428571,0
7352,8.181818182,0
7353,9,0
7354,8.571428571,0
7355,8.571428571,0
7356,8.571428571,0
7357,8.571428571,0
7358,8.571428571,0
7359,9,0
7360,8.571428571,0
7361,8.571428571,0
7362,8.181818182,0
7363,5.142857143,0
7364,8.571428571,0
7365,5,0
7366,8.571428571,0
7367,9,0
7368,7.826086957,0
7369,6.666666667,0
7370,5.806451613,0
7371,3.529411765,0
7372,2.647058824,0
7373,6.666666667,0
7374,6.206896552,0
7375,9.473684211,0
7376,6,0
7377,15,0
7378,6.206896552,0
7379,6.428571429,0
7380,4.5,0
7381,11.25,0
7382,3.157894737,0
7383,5.625,0
7384,6.428571429,0
7385,9,0
7386,5.806451613,0
7387,6.923076923,0
7388,7.2,0
7389,7.2,0
7390,6.428571429,0
7391,6,0
7392,6,0
7393,7.5,0
7394,6.666666667,0
7395,6,0
7396,6,0
7397,5.625,0
7398,5.806451613,0
7399,5.625,0
7400,5.454545455,0
7401,5.625,0
7402,6.206896552,0
7403,6,0
7404,5.625,0
7405,6.923076923,0
7406,6.666666667,0
7407,6.206896552,0
7408,5.806451613,0
7409,6.923076923,0
7410,9.473684211,0
7411,5.806451613,0
7412,5.806451613,0
7413,6.206896552,0
7414,6.923076923,0
7415,6,0
7416,7.5,0
7417,5.454545455,0
7418,7.2,0
7419,6.428571429,0
7420,6.206896552,0
7421,6.923076923,0
7422,6.923076923,0
7423,7.5,0
7424,7.5,0
7425,7.2,0
7426,7.2,0
7427,7.2,0
7428,6.666666667,0
7429,6.666666667,0
7430,6.666666667,0
7431,6.666666667,0
7432,6.923076923,0
7433,6.666666667,0
7434,6.206896552,0
7435,6.428571429,0
7436,6.428571429,0
7437,6.666666667,0
7438,6.428571429,0
7439,6.206896552,0
7440,6.206896552,0
7441,6.206896552,0
7442,6.666666667,0
7443,6.206896552,0
7444,6.428571429,0
7445,6,0
7446,6.428571429,0
7447,5.806451613,0
7448,6.206896552,0
7449,6.666666667,0
7450,6.428571429,0
7451,6.666666667,0
7452,6.428571429,0
7453,6.428571429,0
7454,6.666666667,0
7455,5.806451613,0
7456,5.806451613,0
7457,5.806451613,0
7458,5.625,0
7459,6,0
7460,6.206896552,0
7461,6.428571429,0
7462,5.625,0
7463,7.826086957,0
7464,6.923076923,0
7465,6,0
7466,6.923076923,0
7467,6.923076923,0
7468,7.2,0
7469,7.2,0
7470,6.923076923,0
7471,7.2,0
7472,7.2,0
7473,7.2,0
7474,6.206896552,0
7475,5.806451613,0
7476,5.806451613,0
7477,6,0
7478,5.625,0
7479,5.454545455,0
7480,7.5,0
7481,8.571428571,0
7482,9,0
7483,9,0
7484,8.181818182,0
7485,7.2,0
7486,9,0
7487,8.571428571,0
7488,8.181818182,0
7489,4.285714286,0
7490,4.390243902,0
7491,4.5,0
7492,4.615384615,0
7493,4.864864865,0
7494,5.454545455,0
7495,5.625,0
7496,6,0
7497,6.206896552,0
7498,6.206896552,0
7499,6.666666667,0
7500,7.5,0
7501,7.5,0
7502,7.5,0
7503,7.826086957,0
7504,7.5,0
7505,8.181818182,0
7506,8.181818182,0
7507,8.181818182,0
7508,8.571428571,0
7509,8.181818182,0
7510,8.571428571,0
7511,9,0
7512,8.181818182,0
7513,8.181818182,0
7514,9.473684211,0
7515,8.181818182,0
7516,9.473684211,0
7517,9,0
7518,8.571428571,0
7519,9,0
7520,9,0
7521,9.473684211,0
7522,9,0
7523,9,0
7524,10,0
7525,9,0
7526,10,0
7527,10,0
7528,10.58823529,0
7529,12,0
7530,10.58823529,0
7531,10.58823529,0
7532,10.58823529,0
7533,10.58823529,0
7534,10.58823529,0
7535,7.826086957,0
7536,7.2,0
7537,10.58823529,0
7538,10.58823529,0
7539,10,0
7540,10.58823529,0
7541,10.58823529,0
7542,10,0
7543,10,0
7544,10,0
7545,9.473684211,0
7546,9.473684211,0
7547,9.473684211,0
7548,10.58823529,0
7549,10,0
7550,10,0
7551,10.58823529,0
7552,9.473684211,0
7553,9.473684211,0
7554,10,0
7555,10,0
7556,10.58823529,0
7557,10,0
7558,10.58823529,0
7559,10.58823529,0
7560,10.58823529,0
7561,10,0
7562,7.5,0
7563,10.58823529,0
7564,10.58823529,0
7565,7.826086957,0
7566,10.58823529,0
7567,8.571428571,0
7568,8.571428571,0
7569,10.58823529,0
7570,9,0
7571,8.181818182,0
7572,9,0
7573,12,0
7574,12,0
7575,9,0
7576,10.58823529,0
7577,9.473684211,0
7578,10.58823529,0
7579,10.58823529,0
7580,10.58823529,0
7581,10.58823529,0
7582,11.25,0
7583,11.25,0
7584,11.25,0
7585,12,0
7586,12,0
7587,11.25,0
7588,11.25,0
7589,12,0
7590,12,0
7591,12,0
7592,11.25,0
7593,11.25,0
7594,10.58823529,0
7595,10.58823529,0
7596,10.58823529,0
7597,9.473684211,0
7598,10.58823529,0
7599,10,0
7600,10,0
7601,10,0
7602,10.58823529,0
7603,12,0
7604,10.58823529,0
7605,12,0
7606,12,0
7607,12.85714286,0
7608,12.85714286,0
7609,11.25,0
7610,11.25,0
7611,8.571428571,0
7612,11.25,0
7613,12.85714286,0
7614,12,0
7615,12,0
7616,12.85714286,0
7617,2.8125,0
7618,2.5,0
7619,3.157894737,0
7620,2.535211268,0
7621,3.050847458,0
7622,2.950819672,0
7623,6,0
7624,12.85714286,0
7625,2.195121951,0
7626,2.647058824,0
7627,2.571428571,0
7628,2.142857143,0
7629,2.5,0
7630,-999,0
7631,-999,0
7632,-999,0
7633,-999,0
7634,-999,0
7635,-999,0
7636,-999,0
7637,-999,0
7638,-999,0
7639,-999,0
7640,-999,0
7641,-999,0
7642,-999,0
7643,-999,0
7644,-999,0
7645,-999,0
7646,-999,0
7647,-999,0
7648,-999,0
7649,-999,0
7650,-999,0
7651,-999,0
7652,-999,0
7653,-999,0
7654,-999,0
7655,-999,0
7656,-999,0
7657,-999,0
7658,-999,0
7659,-999,0
7660,-999,0
7661,-999,0
7662,-999,0
7663,-999,0
7664,-999,0
7665,-999,0
7666,-999,0
7667,-999,0
7668,-999,0
7669,-999,0
7670,-999,0
7671,-999,0
7672,-999,0
7673,-999,0
7674,-999,0
7675,-999,0
7676,-999,0
7677,-999,0
7678,-999,0
7679,-999,0
7680,-999,0
7681,-999,0
7682,-999,0
7683,-999,0
7684,-999,0
7685,-999,0
7686,-999,0
7687,-999,0
7688,-999,0
7689,-999,0
7690,-999,0
7691,-999,0
7692,-999,0
7693,-999,0
7694,-999,0
7695,-999,0
7696,-999,0
7697,-999,0
7698,-999,0
7699,-999,0
7700,-999,0
7701,-999,0
7702,-999,0
7703,-999,0
7704,-999,0
7705,-999,0
7706,-999,0
7707,-999,0
7708,-999,0
7709,-999,0
7710,-999,0
7711,-999,0
7712,-999,0
7713,-999,0
7714,-999,0
7715,-999,0
7716,-999,0
7717,-999,0
7718,-999,0
7719,-999,0
7720,-999,0
7721,-999,0
7722,-999,0
7723,-999,0
7724,-999,0
7725,-999,0
7726,-999,0
7727,-999,0
7728,-999,0
7729,-999,0
7730,-999,0
7731,-999,0
7732,-999,0
7733,-999,0
7734,-999,0
7735,-999,0
7736,-999,0
7737,-999,0
7738,-999,0
7739,-999,0
7740,-999,0
7741,-999,0
7742,-999,0
7743,-999,0
7744,-999,0
7745,-999,0
7746,-999,0
7747,-999,0
7748,-999,0
7749,-999,0
7750,-999,0
7751,-999,0
7752,-999,0
7753,-999,0
7754,-999,0
7755,-999,0
7756,-999,0
7757,-999,0
7758,-999,0
7759,-999,0
7760,-999,0
7761,-999,0
7762,-999,0
7763,-999,0
7764,-999,0
7765,-999,0
7766,-999,0
7767,-999,0
7768,-999,0
7769,-999,0
7770,-999,0
7771,-999,0
7772,-999,0
7773,-999,0
7774,-999,0
7775,-999,0
7776,-999,0
7777,-999,0
7778,-999,0
7779,-999,0
7780,-999,0
7781,-999,0
7782,-999,0
7783,-999,0
7784,-999,0
7785,-999,0
7786,-999,0
7787,-999,0
7788,-999,0
7789,-999,0
7790,-999,0
7791,-999,0
7792,-999,0
7793,-999,0
7794,-999,0
7795,-999,0
7796,-999,0
7797,-999,0
7798,-999,0
7799,-999,0
7800,-999,0
7801,-999,0
7802,-999,0
7803,-999,0
7804,-999,0
7805,-999,0
7806,-999,0
7807,-999,0
7808,-999,0
7809,-999,0
7810,-999,0
7811,-999,0
7812,-999,0
7813,-999,0
7814,-999,0
7815,-999,0
7816,-999,0
7817,-999,0
7818,-999,0
7819,-999,0
7820,-999,0
7821,-999,0
7822,-999,0
7823,6.666666667,0
7824,2.02247191,0
7825,2.093023256,0
7826,12.85714286,0
7827,2.432432432,0
7828,2.045454545,0
7829,18,0
7830,4.864864865,0
7831,2.8125,0
7832,5.454545455,0
7833,2.647058824,0
7834,5.294117647,0
7835,5.142857143,0
7836,5.625,0
7837,5.806451613,0
7838,6,0
7839,6,0
7840,6,0
7841,12,0
7842,12,0
7843,12.85714286,0
7844,12.85714286,0
7845,12.85714286,0
7846,13.84615385,0
7847,12.85714286,0
7848,12,0
7849,12.85714286,0
7850,10.58823529,0
7851,4.736842105,0
7852,9.473684211,0
7853,15,0
7854,12,0
7855,2.769230769,0
7856,12,0
7857,12.85714286,0
7858,12.85714286,0
7859,12.85714286,0
7860,3.103448276,0
7861,3.75,0
7862,12.85714286,0
7863,2.465753425,0
7864,12.85714286,0
7865,9,0
7866,13.84615385,0
7867,18,0
7868,2.117647059,0
7869,12.85714286,0
7870,12.85714286,0
7871,6.428571429,0
7872,3.673469388,0
7873,12.85714286,0
7874,6.428571429,0
7875,3.461538462,0
7876,13.84615385,0
7877,12.85714286,0
7878,12.85714286,0
7879,13.84615385,0
7880,6,0
7881,5.625,0
7882,5.806451613,0
7883,5.454545455,0
7884,5.454545455,0
7885,4.864864865,0
7886,6.206896552,0
7887,5.454545455,0
7888,5.454545455,0
7889,5.806451613,0
7890,5.454545455,0
7891,5.294117647,0
7892,5.142857143,0
7893,5.142857143,0
7894,5.454545455,0
7895,12,0
7896,5.454545455,0
7897,6,0
7898,6,0
7899,5.625,0
7900,5.806451613,0
7901,5.625,0
7902,6.428571429,0
7903,6.923076923,0
7904,12.85714286,0
7905,6.428571429,0
7906,5.454545455,0
7907,6,0
7908,5.454545455,0
7909,8.571428571,0
7910,12.85714286,0
7911,8.571428571,0
7912,18,0
7913,12.85714286,0
7914,12,0
7915,12,0
7916,12,0
7917,12,0
7918,12,0
7919,13.84615385,0
7920,13.84615385,0
7921,12.85714286,0
7922,15,0
7923,13.84615385,0
7924,13.84615385,0
7925,13.84615385,0
7926,12.85714286,0
7927,15,0
7928,13.84615385,0
7929,15,0
7930,13.84615385,0
7931,16.36363636,0
7932,16.36363636,0
7933,9,0
7934,13.84615385,0
7935,9,0
7936,8.571428571,0
7937,15,0
7938,9,0
7939,10.58823529,0
7940,10,0
7941,9.473684211,0
7942,13.84615385,0
7943,7.826086957,0
7944,10.58823529,0
7945,10.58823529,0
7946,9.473684211,0
7947,9.473684211,0
7948,10,0
7949,9,0
7950,11.25,0
7951,5.142857143,0
7952,18,0
7953,11.25,0
7954,10,0
7955,4.5,0
7956,13.84615385,0
7957,10.58823529,0
7958,2.727272727,0
7959,2.337662338,0
7960,2.068965517,0
7961,2.068965517,0
7962,2,0
7963,2.571428571,0
7964,3.461538462,0
7965,2.608695652,0
7966,2.142857143,0
7967,15,0
7968,2.307692308,0
7969,2.4,0
7970,2.5,0
7971,-999,0
7972,-999,0
7973,-999,0
7974,-999,0
7975,-999,0
7976,-999,0
7977,-999,0
7978,-999,0
7979,-999,0
7980,-999,0
7981,-999,0
7982,-999,0
7983,-999,0
7984,-999,0
7985,-999,0
7986,-999,0
7987,-999,0
7988,-999,0
7989,-999,0
7990,-999,0
7991,-999,0
7992,-999,0
7993,-999,0
7994,-999,0
7995,-999,0
7996,-999,0
7997,-999,0
7998,-999,0
7999,-999,0
8000,-999,0
8001,-999,0
8002,-999,0
8003,-999,0
8004,-999,0
8005,-999,0
8006,-999,0
8007,-999,0
8008,-999,0
8009,-999,0
8010,-999,0
8011,-999,0
8012,-999,0
8013,-999,0
8014,-999,0
8015,-999,0
8016,-999,0
8017,-999,0
8018,-999,0
8019,-999,0
8020,-999,0
8021,-999,0
8022,-999,0
8023,-999,0
8024,-999,0
8025,-999,0
8026,-999,0
8027,-999,0
8028,-999,0
8029,-999,0
8030,-999,0
8031,-999,0
8032,-999,0
8033,-999,0
8034,-999,0
8035,-999,0
8036,-999,0
8037,-999,0
8038,-999,0
8039,-999,0
8040,-999,0
8041,-999,0
8042,-999,0
8043,-999,0
8044,-999,0
8045,-999,0
8046,-999,0
8047,-999,0
8048,-999,0
8049,-999,0
8050,-999,0
8051,-999,0
8052,-999,0
8053,-999,0
8054,-999,0
8055,-999,0
8056,-999,0
8057,-999,0
8058,-999,0
8059,-999,0
8060,-999,0
8061,-999,0
8062,-999,0
8063,-999,0
8064,-999,0
8065,-999,0
8066,-999,0
8067,-999,0
8068,-999,0
8069,-999,0
8070,-999,0
8071,-999,0
8072,-999,0
8073,-999,0
8074,-999,0
8075,-999,0
8076,-999,0
8077,-999,0
8078,-999,0
8079,-999,0
8080,-999,0
8081,-999,0
8082,-999,0
8083,-999,0
8084,-999,0
8085,-999,0
8086,-999,0
8087,-999,0
8088,-999,0
8089,-999,0
8090,-999,0
8091,-999,0
8092,-999,0
8093,-999,0
8094,-999,0
8095,-999,0
8096,-999,0
8097,-999,0
8098,-999,0
8099,-999,0
8100,-999,0
8101,-999,0
8102,-999,0
8103,-999,0
8104,-999,0
8105,5.625,0
8106,6,0
8107,5.454545455,0
8108,6.206896552,0
8109,6,0
8110,6.666666667,0
8111,6.428571429,0
8112,7.5,0
8113,7.5,0
8114,7.2,0
8115,10,0
8116,16.36363636,0
8117,16.36363636,0
8118,15,0
8119,10.58823529,0
8120,9.473684211,0
8121,15,0
8122,9.473684211,0
8123,16.36363636,0
8124,9,0
8125,9.473684211,0
8126,9,0
8127,9,0
8128,8.571428571,0
8129,9.473684211,0
8130,15,0
8131,15,0
8132,9.473684211,0
8133,8.571428571,0
8134,13.84615385,0
8135,8.571428571,0
8136,15,0
8137,9.473684211,0
8138,9,0
8139,10,0
8140,9.473684211,0
8141,15,0
8142,7.5,0
8143,13.84615385,0
8144,13.84615385,0
8145,13.84615385,0
8146,8.571428571,0
8147,9.473684211,0
8148,9,0
8149,15,0
8150,10,0
8151,9,0
8152,11.25,0
8153,10,0
8154,10,0
8155,10,0
8156,11.25,0
8157,10.58823529,0
8158,16.36363636,0
8159,10.58823529,0
8160,7.826086957,0
8161,9,0
8162,9.473684211,0
8163,9.473684211,0
8164,9,0
8165,9,0
8166,8.571428571,0
8167,8.571428571,0
8168,9,0
8169,7.826086957,0
8170,7.2,0
8171,7.5,0
8172,7.826086957,0
8173,7.826086957,0
8174,9,0
8175,7.5,0
8176,7.5,0
8177,7.2,0
8178,7.2,0
8179,8.571428571,0
8180,9.473684211,0
8181,10,0
8182,10.58823529,0
8183,9.473684211,0
8184,10.58823529,0
8185,10,0
8186,10.58823529,0
8187,10.58823529,0
8188,10,0
8189,10,0
8190,8.181818182,0
8191,9,0
8192,10,0
8193,10.58823529,0
8194,11.25,0
8195,10,0
8196,10.58823529,0
8197,11.25,0
8198,11.25,0
8199,5.806451613,0
8200,10,0
8201,8.571428571,0
8202,8.571428571,0
8203,10,0
8204,9,0
8205,10,0
8206,9,0
8207,9.473684211,0
8208,9,0
8209,10.58823529,0
8210,10,0
8211,15,0
8212,16.36363636,0
8213,15,0
8214,16.36363636,0
8215,6.666666667,0
8216,15,0
8217,15,0
8218,13.84615385,0
8219,13.84615385,0
8220,12.85714286,0
8221,13.84615385,0
8222,16.36363636,0
8223,13.84615385,0
8224,7.5,0
8225,6.923076923,0
8226,6.923076923,0
8227,7.2,0
8228,16.36363636,0
8229,15,0
8230,18,0
8231,18,0
8232,16.36363636,0
8233,16.36363636,0
8234,15,0
8235,16.36363636,0
8236,15,0
8237,15,0
8238,16.36363636,0
8239,15,0
8240,16.36363636,0
8241,16.36363636,0
8242,18,0
8243,18,0
8244,18,0
8245,20,0
8246,18,0
8247,12,0
8248,2.8125,0
8249,2.5,0
8250,2.769230769,0
8251,2.647058824,0
8252,2.195121951,0
8253,2.045454545,0
8254,6.923076923,0
8255,15,0
8256,7.5,0
8257,2.571428571,0
8258,2.647058824,0
8259,-999,0
8260,-999,0
8261,-999,0
8262,-999,0
8263,-999,0
8264,-999,0
8265,-999,0
8266,-999,0
8267,-999,0
8268,-999,0
8269,-999,0
8270,-999,0
8271,-999,0
8272,-999,0
8273,-999,0
8274,-999,0
8275,-999,0
8276,-999,0
8277,-999,0
8278,-999,0
8279,-999,0
8280,-999,0
8281,-999,0
8282,-999,0
8283,-999,0
8284,-999,0
8285,-999,0
8286,-999,0
8287,-999,0
8288,-999,0
8289,-999,0
8290,-999,0
8291,-999,0
8292,-999,0
8293,-999,0
8294,-999,0
8295,-999,0
8296,-999,0
8297,-999,0
8298,-999,0
8299,-999,0
8300,-999,0
8301,-999,0
8302,-999,0
8303,-999,0
8304,-999,0
8305,-999,0
8306,-999,0
8307,-999,0
8308,-999,0
8309,-999,0
8310,-999,0
8311,-999,0
8312,-999,0
8313,-999,0
8314,-999,0
8315,-999,0
8316,-999,0
8317,-999,0
8318,-999,0
8319,-999,0
8320,-999,0
8321,-999,0
8322,-999,0
8323,-999,0
8324,-999,0
8325,-999,0
8326,-999,0
8327,-999,0
8328,-999,0
8329,-999,0
8330,-999,0
8331,-999,0
8332,-999,0
8333,-999,0
8334,-999,0
8335,-999,0
8336,-999,0
8337,-999,0
8338,-999,0
8339,-999,0
8340,-999,0
8341,-999,0
8342,-999,0
8343,-999,0
8344,-999,0
8345,-999,0
8346,-999,0
8347,-999,0
8348,-999,0
8349,-999,0
8350,-999,0
8351,-999,0
8352,-999,0
8353,-999,0
8354,-999,0
8355,-999,0
8356,-999,0
8357,-999,0
8358,-999,0
8359,-999,0
8360,-999,0
8361,-999,0
8362,-999,0
8363,-999,0
8364,-999,0
8365,-999,0
8366,-999,0
8367,-999,0
8368,-999,0
8369,-999,0
8370,-999,0
8371,-999,0
8372,-999,0
8373,-999,0
8374,-999,0
8375,-999,0
8376,-999,0
8377,-999,0
8378,-999,0
8379,-999,0
8380,-999,0
8381,-999,0
8382,-999,0
8383,-999,0
8384,-999,0
8385,-999,0
8386,-999,0
8387,-999,0
8388,-999,0
8389,-999,0
8390,-999,0
8391,-999,0
8392,-999,0
8393,-999,0
8394,-999,0
8395,-999,0
8396,-999,0
8397,-999,0
8398,-999,0
8399,-999,0
8400,-999,0
8401,-999,0
8402,-999,0
8403,-999,0
8404,-999,0
8405,-999,0
8406,-999,0
8407,-999,0
8408,-999,0
8409,-999,0
8410,-999,0
8411,-999,0
8412,-999,0
8413,-999,0
8414,-999,0
8415,-999,0
8416,-999,0
8417,-999,0
8418,-999,0
8419,-999,0
8420,-999,0
8421,-999,0
8422,-999,0
8423,-999,0
8424,-999,0
8425,-999,0
8426,-999,0
8427,-999,0
8428,-999,0
8429,-999,0
8430,-999,0
8431,-999,0
8432,-999,0
8433,-999,0
8434,-999,0
8435,-999,0
8436,-999,0
8437,-999,0
8438,-999,0
8439,-999,0
8440,-999,0
8441,-999,0
8442,-999,0
8443,-999,0
8444,-999,0
8445,-999,0
8446,-999,0
8447,-999,0
8448,-999,0
8449,-999,0
8450,-999,0
8451,-999,0
8452,-999,0
8453,-999,0
8454,-999,0
8455,-999,0
8456,-999,0
8457,-999,0
8458,-999,0
8459,-999,0
8460,-999,0
8461,-999,0
8462,-999,0
8463,-999,0
8464,-999,0
8465,-999,0
8466,-999,0
8467,-999,0
8468,-999,0
8469,-999,0
8470,-999,0
8471,-999,0
8472,-999,0
8473,-999,0
8474,-999,0
8475,-999,0
8476,-999,0
8477,-999,0
8478,-999,0
8479,-999,0
8480,-999,0
8481,-999,0
8482,-999,0
8483,-999,0
8484,-999,0
8485,-999,0
8486,-999,0
8487,-999,0
8488,-999,0
8489,-999,0
8490,-999,0
8491,-999,0
8492,-999,0
8493,-999,0
8494,-999,0
8495,-999,0
8496,-999,0
8497,-999,0
8498,-999,0
8499,-999,0
8500,-999,0
8501,-999,0
8502,-999,0
8503,-999,0
8504,-999,0
8505,-999,0
8506,-999,0
8507,-999,0
8508,-999,0
8509,-999,0
8510,-999,0
8511,-999,0
8512,-999,0
8513,-999,0
8514,-999,0
8515,-999,0
8516,-999,0
8517,-999,0
8518,-999,0
8519,-999,0
8520,-999,0
8521,-999,0
8522,-999,0
8523,-999,0
8524,-999,0
8525,-999,0
8526,-999,0
8527,-999,0
8528,-999,0
8529,-999,0
8530,-999,0
8531,-999,0
8532,-999,0
8533,-999,0
8534,-999,0
8535,-999,0
8536,-999,0
8537,-999,0
8538,-999,0
8539,-999,0
8540,-999,0
8541,-999,0
8542,-999,0
8543,-999,0
8544,-999,0
8545,-999,0
8546,-999,0
8547,-999,0
8548,-999,0
8549,-999,0
8550,-999,0
8551,-999,0
8552,-999,0
8553,-999,0
8554,-999,0
8555,-999,0
8556,-999,0
8557,-999,0
8558,-999,0
8559,-999,0
8560,-999,0
8561,-999,0
8562,-999,0
8563,-999,0
8564,-999,0
8565,-999,0
8566,-999,0
8567,-999,0
8568,-999,0
8569,-999,0
8570,-999,0
8571,-999,0
8572,-999,0
8573,-999,0
8574,-999,0
8575,-999,0
8576,-999,0
8577,-999,0
8578,-999,0
8579,-999,0
8580,-999,0
8581,-999,0
8582,-999,0
8583,-999,0
8584,-999,0
8585,-999,0
8586,-999,0
8587,-999,0
8588,-999,0
8589,-999,0
8590,-999,0
8591,-999,0
8592,-999,0
8593,-999,0
8594,-999,0
8595,-999,0
8596,-999,0
8597,-999,0
8598,-999,0
8599,-999,0
8600,-999,0
8601,-999,0
8602,-999,0
8603,-999,0
8604,-999,0
8605,-999,0
8606,-999,0
8607,-999,0
8608,-999,0
8609,-999,0
8610,-999,0
8611,-999,0
8612,-999,0
8613,-999,0
8614,-999,0
8615,-999,0
8616,-999,0
8617,-999,0
8618,-999,0
8619,-999,0
8620,-999,0
8621,-999,0
8622,-999,0
8623,-999,0
8624,-999,0
8625,-999,0
8626,-999,0
8627,-999,0
8628,-999,0
8629,-999,0
8630,-999,0
8631,-999,0
8632,-999,0
8633,-999,0
8634,-999,0
8635,-999,0
8636,-999,0
8637,-999,0
8638,-999,0
8639,-999,0
8640,-999,0
8641,-999,0
8642,-999,0
8643,3.913043478,0
8644,4,0
8645,20,0
8646,10.58823529,0
8647,3.461538462,0
8648,20,0
8649,9.473684211,0
8650,12,0
8651,2.168674699,0
8652,2.168674699,0
8653,20,0
8654,3.461538462,0
8655,11.25,0
8656,7.5,0
8657,4.615384615,0
8658,4.864864865,0
8659,2.8125,0
8660,8.571428571,0
8661,12.85714286,0
8662,3.529411765,0
8663,4.390243902,0
8664,2.903225806,0
8665,2.950819672,0
8666,2.222222222,0
8667,4.615384615,0
8668,9,0
8669,16.36363636,0
8670,3.75,0
8671,13.84615385,0
8672,7.5,0
8673,2.647058824,0
8674,7.826086957,0
8675,13.84615385,0
8676,11.25,0
8677,15,0
8678,5.806451613,0
8679,9,0
8680,20,0
8681,15,0
8682,18,0
8683,6.923076923,0
8684,18,0
8685,15,0
8686,18,0
8687,20,0
8688,5,0
8689,15,0
8690,11.25,0
8691,13.84615385,0
8692,3.829787234,0
8693,2.903225806,0
8694,6.666666667,0
8695,6.923076923,0
8696,6.666666667,0
8697,5.806451613,0
8698,16.36363636,0
8699,10.58823529,0
8700,10.58823529,0
8701,13.84615385,0
8702,12,0
8703,12.85714286,0
8704,20,0
8705,10.58823529,0
8706,8.571428571,0
8707,4.390243902,0
8708,5.806451613,0
8709,6,0
8710,12.85714286,0
8711,11.25,0
8712,12,0
8713,13.84615385,0
8714,16.36363636,0
8715,16.36363636,0
8716,18,0
8717,18,0
8718,15,0
8719,9,0
8720,12,0
8721,9.473684211,0
8722,13.84615385,0
8723,13.84615385,0
8724,2.571428571,0
8725,3.050847458,0
8726,2.950819672,0
8727,2.903225806,0
8728,2.857142857,0
8729,3.050847458,0
8730,16.36363636,0
8731,16.36363636,0
8732,5,0
8733,3.050847458,0
8734,2.903225806,0
8735,2.686567164,0
8736,2.647058824,0
8737,2.093023256,0
8738,7.826086957,0
8739,6.666666667,0
8740,2.571428571,0
8741,3.157894737,0
8742,9.473684211,0
8743,20,0
8744,20,0
8745,2.142857143,0
8746,4.186046512,0
8747,12.85714286,0
8748,12.85714286,0
8749,2.8125,0
8750,4.285714286,0
8751,11.25,0
8752,20,0
8753,10,0
8754,13.84615385,0
8755,3.461538462,0
8756,13.84615385,0
8757,6.206896552,0
8758,13.84615385,0
8759,4.615384615,0
8760,13.84615385,0
8761,6.206896552,0
8762,8.181818182,0
8763,3.529411765,0
8764,6,0
8765,6.428571429,0
8766,6,0
8767,5.454545455,0
8768,5.806451613,0
8769,5.625,0
8770,10.58823529,0
8771,13.84615385,0
8772,5.454545455,0
8773,3.214285714,0
8774,10.58823529,0
8775,8.181818182,0
8776,10,0
8777,5.806451613,0
8778,4.864864865,0
8779,2.950819672,0
8780,2.8125,0
8781,12.85714286,0
8782,6.923076923,0
8783,12.85714286,0
8784,2.168674699,0
8785,4.864864865,0
8786,2.093023256,0
8787,3.214285714,0
8788,6.428571429,0
8789,7.5,0
8790,6.666666667,0
8791,5.454545455,0
8792,18,0
8793,3.913043478,0
8794,3.157894737,0
8795,2.02247191,0
8796,13.84615385,0
8797,6.428571429,0
8798,10,0
8799,20,0
8800,2.465753425,0
8801,2.608695652,0
8802,12,0
8803,4,0
8804,12.85714286,0
8805,3.050847458,0
8806,4.736842105,0
8807,13.84615385,0
8808,16.36363636,0
8809,2.117647059,0
8810,2.25,0
8811,12.85714286,0
8812,18,0
8813,12.85714286,0
8814,7.2,0
8815,13.84615385,0
8816,16.36363636,0
8817,12.85714286,0
8818,6.666666667,0
8819,8.571428571,0
8820,8.571428571,0
8821,2.571428571,0
8822,3.157894737,0
8823,3.214285714,0
8824,2.142857143,0
8825,12.85714286,0
8826,16.36363636,0
8827,3.333333333,0
8828,3.75,0
8829,5.142857143,0
8830,6.923076923,0
8831,3.050847458,0
8832,6.923076923,0
8833,6.428571429,0
8834,5.454545455,0
8835,3.6,0
8836,10.58823529,0
8837,20,0
8838,12.85714286,0
8839,6.428571429,0
8840,5,0
8841,10,0
8842,11.25,0
8843,20,0
8844,9.473684211,0
8845,20,0
8846,18,0
8847,12.85714286,0
8848,15,0
8849,18,0
8850,4.186046512,0
8851,15,0
8852,7.5,0
8853,2.857142857,0
8854,4.390243902,0
8855,15,0
8856,18,0
8857,2.5,0
8858,5,0
8859,11.25,0
8860,3.333333333,0
8861,4.285714286,0
8862,8.571428571,0
8863,3.75,0
8864,13.84615385,0
8865,2.307692308,0
8866,15,0
8867,7.826086957,0
8868,11.25,0
8869,9.473684211,0
8870,3.103448276,0
8871,5.454545455,0
8872,5.806451613,0
8873,16.36363636,0
8874,6.206896552,0
8875,6,0
8876,12,0
8877,6.666666667,0
8878,5.454545455,0
8879,5.806451613,0
8880,6.206896552,0
8881,6.666666667,0
8882,6.666666667,0
8883,11.25,0
8884,15,0
8885,15,0
8886,15,0
8887,15,0
8888,7.2,0
8889,6.923076923,0
8890,6.923076923,0
8891,6.666666667,0
8892,6.666666667,0
8893,6.428571429,0
8894,13.84615385,0
8895,13.84615385,0
8896,13.84615385,0
8897,7.2,0
8898,13.84615385,0
8899,15,0
8900,13.84615385,0
8901,11.25,0
8902,11.25,0
8903,15,0
8904,12.85714286,0
8905,12.85714286,0
8906,12.85714286,0
8907,12,0
8908,10,0
8909,6.428571429,0
8910,20,0
8911,7.2,0
8912,7.826086957,0
8913,7.2,0
8914,6.206896552,0
8915,15,0
8916,7.5,0
8917,7.826086957,0
8918,7.2,0
8919,7.2,0
8920,7.5,0
8921,7.2,0
8922,8.181818182,0
8923,9,0
8924,8.181818182,0
8925,7.826086957,0
8926,7.5,0
8927,10.58823529,0
8928,9,0
8929,8.571428571,0
8930,7.826086957,0
8931,7.826086957,0
8932,15,0
8933,8.181818182,0
8934,20,0
8935,12.85714286,0
8936,7.5,0
8937,9.473684211,0
8938,8.181818182,0
8939,6.923076923,0
8940,7.2,0
8941,6.923076923,0
8942,7.5,0
8943,8.181818182,0
8944,7.826086957,0
8945,7.826086957,0
8946,6.206896552,0
8947,7.2,0
8948,7.826086957,0
8949,9,0
8950,9.473684211,0
8951,12.85714286,0
8952,10.58823529,0
8953,10.58823529,0
8954,12,0
8955,12.85714286,0
8956,11.25,0
8957,11.25,0
8958,12,0
8959,20,0
8960,12.85714286,0
8961,12,0
8962,12.85714286,0
8963,20,0
8964,13.84615385,0
8965,13.84615385,0
8966,20,0
8967,18,0
8968,18,0
8969,18,0
8970,18,0
8971,18,0
8972,20,0
8973,18,0
8974,18,0
8975,20,0
8976,18,0
8977,18,0
8978,18,0
8979,18,0
8980,16.36363636,0
8981,18,0
8982,18,0
8983,18,0
8984,18,0
8985,18,0
8986,16.36363636,0
8987,16.36363636,0
8988,18,0
8989,18,0
8990,18,0
8991,18,0
8992,18,0
8993,18,0
8994,16.36363636,0
8995,16.36363636,0
8996,18,0
8997,16.36363636,0
8998,15,0
8999,18,0
9000,18,0
9001,15,0
9002,18,0
9003,18,0
9004,18,0
9005,16.36363636,0
9006,18,0
9007,18,0
9008,16.36363636,0
9009,16.36363636,0
9010,18,0
9011,18,0
9012,13.84615385,0
9013,16.36363636,0
9014,18,0
9015,18,0
9016,18,0
9017,16.36363636,0
9018,16.36363636,0
9019,13.84615385,0
9020,18,0
9021,15,0
9022,16.36363636,0
9023,12,0
9024,16.36363636,0
9025,16.36363636,0
9026,15,0
9027,15,0
9028,15,0
9029,16.36363636,0
9030,13.84615385,0
9031,15,0
9032,15,0
9033,15,0
9034,15,0
9035,13.84615385,0
9036,16.36363636,0
9037,15,0
9038,15,0
9039,15,0
9040,12.85714286,0
9041,5.454545455,0
9042,5.625,0
9043,15,0
9044,12,0
9045,13.84615385,0
9046,6.206896552,0
9047,15,0
9048,18,0
9049,11.25,0
9050,20,0
9051,12,0
9052,15,0
9053,20,0
9054,6.428571429,0
9055,5.142857143,0
9056,8.181818182,0
9057,11.25,0
9058,7.5,0
9059,9,0
9060,16.36363636,0
9061,7.5,0
9062,6.428571429,0
9063,6.428571429,0
9064,6.428571429,0
9065,6.666666667,0
9066,7.2,0
9067,7.5,0
9068,6.666666667,0
9069,6.666666667,0
9070,6.428571429,0
9071,8.181818182,0
9072,8.181818182,0
9073,8.571428571,0
9074,10,0
9075,10,0
9076,4.186046512,0
9077,10,0
9078,8.571428571,0
9079,8.571428571,0
9080,8.571428571,0
9081,8.571428571,0
9082,9,0
9083,9,0
9084,9,0
9085,6.923076923,0
9086,3.461538462,0
9087,3.461538462,0
9088,8.571428571,0
9089,9,0
9090,8.571428571,0
9091,6.428571429,0
9092,4.5,0
9093,2.857142857,0
9094,20,0
9095,11.25,0
9096,7.826086957,0
9097,13.84615385,0
9098,20,0
9099,3.272727273,0
9100,-999,0
9101,-999,0
9102,-999,0
9103,-999,0
9104,-999,0
9105,-999,0
9106,-999,0
9107,-999,0
9108,-999,0
9109,-999,0
9110,-999,0
9111,-999,0
9112,-999,0
9113,-999,0
9114,-999,0
9115,-999,0
9116,-999,0
9117,-999,0
9118,-999,0
9119,-999,0
9120,-999,0
9121,-999,0
9122,-999,0
9123,-999,0
9124,-999,0
9125,-999,0
9126,-999,0
9127,-999,0
9128,-999,0
9129,-999,0
9130,-999,0
9131,-999,0
9132,-999,0
9133,-999,0
9134,-999,0
9135,-999,0
9136,-999,0
9137,-999,0
9138,-999,0
9139,-999,0
9140,-999,0
9141,-999,0
9142,-999,0
9143,-999,0
9144,-999,0
9145,-999,0
9146,-999,0
9147,-999,0
9148,-999,0
9149,-999,0
9150,-999,0
9151,-999,0
9152,-999,0
9153,-999,0
9154,-999,0
9155,-999,0
9156,-999,0
9157,-999,0
9158,-999,0
9159,-999,0
9160,-999,0
9161,-999,0
9162,-999,0
9163,-999,0
9164,-999,0
9165,-999,0
9166,-999,0
9167,-999,0
9168,-999,0
9169,-999,0
9170,-999,0
9171,-999,0
9172,-999,0
9173,-999,0
9174,-999,0
9175,-999,0
9176,-999,0
9177,-999,0
9178,-999,0
9179,-999,0
9180,-999,0
9181,-999,0
9182,-999,0
9183,-999,0
9184,-999,0
9185,-999,0
9186,-999,0
9187,-999,0
9188,-999,0
9189,-999,0
9190,-999,0
9191,-999,0
9192,-999,0
9193,-999,0
9194,-999,0
9195,-999,0
9196,-999,0
9197,-999,0
9198,-999,0
9199,-999,0
9200,-999,0
9201,-999,0
9202,-999,0
9203,-999,0
9204,-999,0
9205,-999,0
9206,-999,0
9207,-999,0
9208,-999,0
9209,-999,0
9210,-999,0
9211,-999,0
9212,-999,0
9213,-999,0
9214,-999,0
9215,-999,0
9216,-999,0
9217,-999,0
9218,-999,0
9219,-999,0
9220,-999,0
9221,-999,0
9222,-999,0
9223,18,0
9224,18,0
9225,18,0
9226,20,0
9227,20,0
9228,16.36363636,0
9229,3.913043478,0
9230,3.6,0
9231,9.473684211,0
9232,5.806451613,0
9233,5.142857143,0
9234,7.5,0
9235,15,0
9236,16.36363636,0
9237,12.85714286,0
9238,6.923076923,0
9239,5.294117647,0
9240,6.206896552,0
9241,6.666666667,0
9242,7.826086957,0
9243,10,0
9244,13.84615385,0
9245,12.85714286,0
9246,7.2,0
9247,7.826086957,0
9248,6.666666667,0
9249,7.2,0
9250,7.5,0
9251,7.826086957,0
9252,7.5,0
9253,8.181818182,0
9254,8.181818182,0
9255,8.181818182,0
9256,7.826086957,0
9257,8.571428571,0
9258,9.473684211,0
9259,9,0
9260,9,0
9261,8.571428571,0
9262,9,0
9263,8.181818182,0
9264,10,0
9265,10,0
9266,10,0
9267,8.571428571,0
9268,9,0
9269,8.181818182,0
9270,9,0
9271,8.571428571,0
9272,8.571428571,0
9273,9,0
9274,9,0
9275,9,0
9276,9,0
9277,9,0
9278,8.571428571,0
9279,9,0
9280,8.571428571,0
9281,8.571428571,0
9282,9,0
9283,9,0
9284,7.826086957,0
9285,13.84615385,0
9286,13.84615385,0
9287,15,0
9288,15,0
9289,12.85714286,0
9290,-999,0
9291,13.84615385,0
9292,13.84615385,0
9293,15,0
9294,13.84615385,0
9295,11.25,0
9296,13.84615385,0
9297,13.84615385,0
9298,12.85714286,0
9299,15,0
9300,13.84615385,0
9301,15,0
9302,15,0
9303,13.84615385,0
9304,15,0
9305,13.84615385,0
9306,13.84615385,0
9307,15,0
9308,15,0
9309,16.36363636,0
9310,15,0
9311,15,0
9312,15,0
9313,16.36363636,0
9314,16.36363636,0
9315,15,0
9316,16.36363636,0
9317,16.36363636,0
9318,16.36363636,0
9319,16.36363636,0
9320,16.36363636,0
9321,16.36363636,0
9322,16.36363636,0
9323,11.25,0
9324,15,0
9325,13.84615385,0
9326,12.85714286,0
9327,12.85714286,0
9328,16.36363636,0
9329,11.25,0
9330,12,0
9331,12,0
9332,13.84615385,0
9333,16.36363636,0
9334,16.36363636,0
9335,13.84615385,0
9336,15,0
9337,15,0
9338,11.25,0
9339,16.36363636,0
9340,16.36363636,0
9341,18,0
9342,15,0
9343,13.84615385,0
9344,15,0
9345,16.36363636,0
9346,16.36363636,0
9347,16.36363636,0
9348,16.36363636,0
9349,16.36363636,0
9350,16.36363636,0
9351,16.36363636,0
9352,16.36363636,0
9353,15,0
9354,15,0
9355,15,0
9356,15,0
9357,15,0
9358,15,0
9359,15,0
9360,13.84615385,0
9361,15,0
9362,16.36363636,0
9363,15,0
9364,15,0
9365,15,0
9366,15,0
9367,16.36363636,0
9368,15,0
9369,16.36363636,0
9370,15,0
9371,16.36363636,0
9372,16.36363636,0
9373,16.36363636,0
9374,15,0
9375,15,0
9376,16.36363636,0
9377,15,0
9378,15,0
9379,16.36363636,0
9380,16.36363636,0
9381,15,0
9382,16.36363636,0
9383,15,0
9384,15,0
9385,15,0
9386,15,0
9387,15,0
9388,15,0
9389,13.84615385,0
9390,15,0
9391,16.36363636,0
9392,16.36363636,0
9393,15,0
9394,16.36363636,0
9395,16.36363636,0
9396,16.36363636,0
9397,15,0
9398,16.36363636,0
9399,9.473684211,0
9400,10,0
9401,16.36363636,0
9402,10.58823529,0
9403,13.84615385,0
9404,16.36363636,0
9405,9.473684211,0
9406,16.36363636,0
9407,9.473684211,0
9408,10,0
9409,10.58823529,0
9410,11.25,0
9411,10.58823529,0
9412,10.58823529,0
9413,10.58823529,0
9414,11.25,0
9415,9.473684211,0
9416,10,0
9417,10,0
9418,10.58823529,0
9419,15,0
9420,8.181818182,0
9421,9.473684211,0
9422,13.84615385,0
9423,15,0
9424,9.473684211,0
9425,8.571428571,0
9426,20,0
9427,13.84615385,0
9428,13.84615385,0
9429,13.84615385,0
9430,13.84615385,0
9431,12.85714286,0
9432,12.85714286,0
9433,12.85714286,0
9434,12.85714286,0
9435,13.84615385,0
9436,12.85714286,0
9437,9.473684211,0
